(kicad_pcb (version 20171130) (host pcbnew "(5.1.6)-1")

  (general
    (thickness 1.6)
    (drawings 25)
    (tracks 20)
    (zones 0)
    (modules 64)
    (nets 116)
  )

  (page A4)
  (layers
    (0 F.Cu signal)
    (31 B.Cu signal)
    (32 B.Adhes user hide)
    (33 F.Adhes user hide)
    (34 B.Paste user hide)
    (35 F.Paste user hide)
    (36 B.SilkS user)
    (37 F.SilkS user)
    (38 B.Mask user hide)
    (39 F.Mask user hide)
    (40 Dwgs.User user hide)
    (41 Cmts.User user hide)
    (42 Eco1.User user hide)
    (43 Eco2.User user hide)
    (44 Edge.Cuts user)
    (45 Margin user hide)
    (46 B.CrtYd user)
    (47 F.CrtYd user)
    (48 B.Fab user hide)
    (49 F.Fab user hide)
  )

  (setup
    (last_trace_width 0.25)
    (trace_clearance 0.2)
    (zone_clearance 0.508)
    (zone_45_only no)
    (trace_min 0.2)
    (via_size 0.8)
    (via_drill 0.4)
    (via_min_size 0.4)
    (via_min_drill 0.3)
    (uvia_size 0.3)
    (uvia_drill 0.1)
    (uvias_allowed no)
    (uvia_min_size 0.2)
    (uvia_min_drill 0.1)
    (edge_width 0.05)
    (segment_width 0.2)
    (pcb_text_width 0.3)
    (pcb_text_size 1.5 1.5)
    (mod_edge_width 0.12)
    (mod_text_size 1 1)
    (mod_text_width 0.15)
    (pad_size 1.15 1.4)
    (pad_drill 0)
    (pad_to_mask_clearance 0.05)
    (aux_axis_origin 0 0)
    (visible_elements 7FFFFFFF)
    (pcbplotparams
      (layerselection 0x010f0_ffffffff)
      (usegerberextensions false)
      (usegerberattributes true)
      (usegerberadvancedattributes true)
      (creategerberjobfile true)
      (excludeedgelayer true)
      (linewidth 0.100000)
      (plotframeref false)
      (viasonmask false)
      (mode 1)
      (useauxorigin false)
      (hpglpennumber 1)
      (hpglpenspeed 20)
      (hpglpendiameter 15.000000)
      (psnegative false)
      (psa4output false)
      (plotreference true)
      (plotvalue true)
      (plotinvisibletext false)
      (padsonsilk false)
      (subtractmaskfromsilk false)
      (outputformat 1)
      (mirror false)
      (drillshape 0)
      (scaleselection 1)
      (outputdirectory "Gerber/"))
  )

  (net 0 "")
  (net 1 /24V)
  (net 2 "Net-(C13-Pad2)")
  (net 3 "Net-(C16-Pad2)")
  (net 4 "Net-(C17-Pad2)")
  (net 5 "Net-(D1-Pad2)")
  (net 6 "Net-(D2-Pad2)")
  (net 7 "Net-(D3-Pad2)")
  (net 8 "Net-(D5-Pad2)")
  (net 9 "Net-(D6-Pad2)")
  (net 10 /BP_CAN-)
  (net 11 /BP_CAN+)
  (net 12 /Cooling_CTRL)
  (net 13 /SR_CTRL)
  (net 14 /~MCLR~)
  (net 15 /PGEC)
  (net 16 /PGED)
  (net 17 "Net-(J9-Pad1)")
  (net 18 "Net-(R10-Pad2)")
  (net 19 "Net-(U2-Pad3)")
  (net 20 "Net-(U2-Pad2)")
  (net 21 /GPIO25)
  (net 22 /PI_SPI_CEO)
  (net 23 /GLV_RTN)
  (net 24 /5V_NON_ISO)
  (net 25 "Net-(C2-Pad2)")
  (net 26 /3.3V_ISO)
  (net 27 /5V_ISO)
  (net 28 /SDA_ISO_PI)
  (net 29 /SCL_ISO_PI)
  (net 30 /SCL_TSI_GLV)
  (net 31 /SDA_TSI_GLV)
  (net 32 /GPIO_16)
  (net 33 /GPIO_20)
  (net 34 /GPIO_21)
  (net 35 /GPIO_26)
  (net 36 /GPIO_19)
  (net 37 /GPIO_13)
  (net 38 /GPIO_5)
  (net 39 /GPIO_0)
  (net 40 /V_OUT_TEMP)
  (net 41 /PIC_TXD)
  (net 42 /PIC_RXD)
  (net 43 /PI_SPI_MOSI)
  (net 44 /PI_SPI_SCLK)
  (net 45 /PI_SPI_MISO)
  (net 46 /ISO_RTN)
  (net 47 /APPS)
  (net 48 /CoolTemp)
  (net 49 /FlowRate)
  (net 50 /ADC_RTN)
  (net 51 /STATE_OUT_1)
  (net 52 /STATE_OUT_2)
  (net 53 /STATE_OUT_3)
  (net 54 "Net-(D4-Pad2)")
  (net 55 "Net-(D7-Pad2)")
  (net 56 "Net-(D8-Pad2)")
  (net 57 "Net-(CR1-Pad4)")
  (net 58 "Net-(CR1-Pad5)")
  (net 59 "Net-(J1-Pad4)")
  (net 60 "Net-(J8-Pad6)")
  (net 61 "Net-(U3-Pad1)")
  (net 62 "Net-(U3-Pad2)")
  (net 63 "Net-(U3-Pad4)")
  (net 64 "Net-(U3-Pad10)")
  (net 65 "Net-(U3-Pad12)")
  (net 66 "Net-(U3-Pad13)")
  (net 67 "Net-(U3-Pad14)")
  (net 68 "Net-(U3-Pad21)")
  (net 69 "Net-(U3-Pad22)")
  (net 70 "Net-(U3-Pad27)")
  (net 71 "Net-(U3-Pad28)")
  (net 72 "Net-(U3-Pad30)")
  (net 73 "Net-(U3-Pad31)")
  (net 74 "Net-(U3-Pad32)")
  (net 75 "Net-(U3-Pad33)")
  (net 76 "Net-(U3-Pad36)")
  (net 77 "Net-(U3-Pad37)")
  (net 78 "Net-(U3-Pad38)")
  (net 79 "Net-(U3-Pad43)")
  (net 80 "Net-(U3-Pad44)")
  (net 81 "Net-(U3-Pad45)")
  (net 82 "Net-(U3-Pad47)")
  (net 83 "Net-(U3-Pad48)")
  (net 84 "Net-(U3-Pad51)")
  (net 85 "Net-(U3-Pad52)")
  (net 86 "Net-(U3-Pad53)")
  (net 87 "Net-(U3-Pad56)")
  (net 88 "Net-(U3-Pad57)")
  (net 89 "Net-(U3-Pad58)")
  (net 90 "Net-(U3-Pad61)")
  (net 91 "Net-(U3-Pad62)")
  (net 92 "Net-(U3-Pad63)")
  (net 93 "Net-(U3-Pad64)")
  (net 94 "Net-(U4-Pad6)")
  (net 95 "Net-(U4-Pad4)")
  (net 96 "Net-(U6-Pad32)")
  (net 97 "Net-(U6-Pad28)")
  (net 98 "Net-(U6-Pad18)")
  (net 99 "Net-(U6-Pad26)")
  (net 100 "Net-(U6-Pad11)")
  (net 101 "Net-(U6-Pad1)")
  (net 102 "Net-(U6-Pad13)")
  (net 103 "Net-(U6-Pad17)")
  (net 104 "Net-(U6-Pad7)")
  (net 105 "Net-(U6-Pad10)")
  (net 106 "Net-(U6-Pad8)")
  (net 107 "Net-(U6-Pad12)")
  (net 108 "Net-(U6-Pad15)")
  (net 109 "Net-(U6-Pad16)")
  (net 110 "Net-(U8-Pad3)")
  (net 111 "Net-(U8-Pad4)")
  (net 112 "Net-(U8-Pad5)")
  (net 113 "Net-(U8-Pad6)")
  (net 114 "Net-(U8-Pad10)")
  (net 115 "Net-(U8-Pad11)")

  (net_class Default "This is the default net class."
    (clearance 0.2)
    (trace_width 0.25)
    (via_dia 0.8)
    (via_drill 0.4)
    (uvia_dia 0.3)
    (uvia_drill 0.1)
    (add_net /24V)
    (add_net /3.3V_ISO)
    (add_net /5V_ISO)
    (add_net /5V_NON_ISO)
    (add_net /ADC_RTN)
    (add_net /APPS)
    (add_net /BP_CAN+)
    (add_net /BP_CAN-)
    (add_net /CoolTemp)
    (add_net /Cooling_CTRL)
    (add_net /FlowRate)
    (add_net /GLV_RTN)
    (add_net /GPIO25)
    (add_net /GPIO_0)
    (add_net /GPIO_13)
    (add_net /GPIO_16)
    (add_net /GPIO_19)
    (add_net /GPIO_20)
    (add_net /GPIO_21)
    (add_net /GPIO_26)
    (add_net /GPIO_5)
    (add_net /ISO_RTN)
    (add_net /PGEC)
    (add_net /PGED)
    (add_net /PIC_RXD)
    (add_net /PIC_TXD)
    (add_net /PI_SPI_CEO)
    (add_net /PI_SPI_MISO)
    (add_net /PI_SPI_MOSI)
    (add_net /PI_SPI_SCLK)
    (add_net /SCL_ISO_PI)
    (add_net /SCL_TSI_GLV)
    (add_net /SDA_ISO_PI)
    (add_net /SDA_TSI_GLV)
    (add_net /SR_CTRL)
    (add_net /STATE_OUT_1)
    (add_net /STATE_OUT_2)
    (add_net /STATE_OUT_3)
    (add_net /V_OUT_TEMP)
    (add_net /~MCLR~)
    (add_net "Net-(C13-Pad2)")
    (add_net "Net-(C16-Pad2)")
    (add_net "Net-(C17-Pad2)")
    (add_net "Net-(C2-Pad2)")
    (add_net "Net-(CR1-Pad4)")
    (add_net "Net-(CR1-Pad5)")
    (add_net "Net-(D1-Pad2)")
    (add_net "Net-(D2-Pad2)")
    (add_net "Net-(D3-Pad2)")
    (add_net "Net-(D4-Pad2)")
    (add_net "Net-(D5-Pad2)")
    (add_net "Net-(D6-Pad2)")
    (add_net "Net-(D7-Pad2)")
    (add_net "Net-(D8-Pad2)")
    (add_net "Net-(J1-Pad4)")
    (add_net "Net-(J8-Pad6)")
    (add_net "Net-(J9-Pad1)")
    (add_net "Net-(R10-Pad2)")
    (add_net "Net-(U2-Pad2)")
    (add_net "Net-(U2-Pad3)")
    (add_net "Net-(U3-Pad1)")
    (add_net "Net-(U3-Pad10)")
    (add_net "Net-(U3-Pad12)")
    (add_net "Net-(U3-Pad13)")
    (add_net "Net-(U3-Pad14)")
    (add_net "Net-(U3-Pad2)")
    (add_net "Net-(U3-Pad21)")
    (add_net "Net-(U3-Pad22)")
    (add_net "Net-(U3-Pad27)")
    (add_net "Net-(U3-Pad28)")
    (add_net "Net-(U3-Pad30)")
    (add_net "Net-(U3-Pad31)")
    (add_net "Net-(U3-Pad32)")
    (add_net "Net-(U3-Pad33)")
    (add_net "Net-(U3-Pad36)")
    (add_net "Net-(U3-Pad37)")
    (add_net "Net-(U3-Pad38)")
    (add_net "Net-(U3-Pad4)")
    (add_net "Net-(U3-Pad43)")
    (add_net "Net-(U3-Pad44)")
    (add_net "Net-(U3-Pad45)")
    (add_net "Net-(U3-Pad47)")
    (add_net "Net-(U3-Pad48)")
    (add_net "Net-(U3-Pad51)")
    (add_net "Net-(U3-Pad52)")
    (add_net "Net-(U3-Pad53)")
    (add_net "Net-(U3-Pad56)")
    (add_net "Net-(U3-Pad57)")
    (add_net "Net-(U3-Pad58)")
    (add_net "Net-(U3-Pad61)")
    (add_net "Net-(U3-Pad62)")
    (add_net "Net-(U3-Pad63)")
    (add_net "Net-(U3-Pad64)")
    (add_net "Net-(U4-Pad4)")
    (add_net "Net-(U4-Pad6)")
    (add_net "Net-(U6-Pad1)")
    (add_net "Net-(U6-Pad10)")
    (add_net "Net-(U6-Pad11)")
    (add_net "Net-(U6-Pad12)")
    (add_net "Net-(U6-Pad13)")
    (add_net "Net-(U6-Pad15)")
    (add_net "Net-(U6-Pad16)")
    (add_net "Net-(U6-Pad17)")
    (add_net "Net-(U6-Pad18)")
    (add_net "Net-(U6-Pad26)")
    (add_net "Net-(U6-Pad28)")
    (add_net "Net-(U6-Pad32)")
    (add_net "Net-(U6-Pad7)")
    (add_net "Net-(U6-Pad8)")
    (add_net "Net-(U8-Pad10)")
    (add_net "Net-(U8-Pad11)")
    (add_net "Net-(U8-Pad3)")
    (add_net "Net-(U8-Pad4)")
    (add_net "Net-(U8-Pad5)")
    (add_net "Net-(U8-Pad6)")
  )

  (module "CarMan General Footprints:Raspberry_Pi_3_B" (layer F.Cu) (tedit 5FBB42DB) (tstamp 5FBB9BB5)
    (at 196.088 84.074 180)
    (path /5F9FC061)
    (fp_text reference U6 (at 0 0.5) (layer F.SilkS)
      (effects (font (size 1 1) (thickness 0.15)) (justify mirror))
    )
    (fp_text value RaspberryPi3 (at 0 -0.5) (layer B.Fab)
      (effects (font (size 1 1) (thickness 0.15)) (justify mirror))
    )
    (fp_line (start 19.052201 -23.5948) (end 19.0522 26.8652) (layer F.SilkS) (width 0.12))
    (fp_line (start 19.0522 26.8652) (end 23.614199 26.8652) (layer F.SilkS) (width 0.12))
    (fp_line (start 20.572867 -23.2348) (end 20.572867 -23.5948) (layer F.SilkS) (width 0.12))
    (fp_line (start 19.3032 -23.3448) (end 23.3632 -23.3448) (layer F.CrtYd) (width 0.05))
    (fp_line (start 23.3632 -23.3448) (end 23.3632 26.6152) (layer F.CrtYd) (width 0.05))
    (fp_line (start 22.093533 -23.2348) (end 20.572867 -23.2348) (layer F.SilkS) (width 0.12))
    (fp_line (start 23.3632 26.6152) (end 19.3032 26.6152) (layer F.CrtYd) (width 0.05))
    (fp_line (start -31.7968 -31.3048) (end 25.2032 -31.3048) (layer F.SilkS) (width 0.12))
    (fp_line (start 22.093533 -23.5948) (end 22.093533 -23.2348) (layer F.SilkS) (width 0.12))
    (fp_line (start 23.6142 -23.5948) (end 22.093533 -23.5948) (layer F.SilkS) (width 0.12))
    (fp_line (start 19.3032 26.6152) (end 19.3032 -23.3448) (layer F.CrtYd) (width 0.05))
    (fp_line (start 23.614199 26.8652) (end 23.6142 -23.5948) (layer F.SilkS) (width 0.12))
    (fp_line (start 25.2032 34.6952) (end -31.7968 34.6952) (layer F.SilkS) (width 0.12))
    (fp_line (start -31.7968 34.6952) (end -31.7968 -31.3048) (layer F.SilkS) (width 0.12))
    (fp_line (start 25.2032 -31.3048) (end 25.2032 34.6952) (layer F.SilkS) (width 0.12))
    (fp_line (start 20.572867 -23.5948) (end 19.052201 -23.5948) (layer F.SilkS) (width 0.12))
    (pad 32 thru_hole circle (at 22.5142 -12.3348 90) (size 1.2 1.2) (drill 0.8) (layers *.Cu *.Mask)
      (net 96 "Net-(U6-Pad32)"))
    (pad 24 thru_hole circle (at 22.5142 -2.1748 90) (size 1.2 1.2) (drill 0.8) (layers *.Cu *.Mask)
      (net 22 /PI_SPI_CEO))
    (pad 19 thru_hole circle (at 20.1522 2.9052 90) (size 1.2 1.2) (drill 0.8) (layers *.Cu *.Mask)
      (net 43 /PI_SPI_MOSI))
    (pad 39 thru_hole circle (at 20.1522 -22.4948 90) (size 1.2 1.2) (drill 0.8) (layers *.Cu *.Mask)
      (net 46 /ISO_RTN))
    (pad 37 thru_hole circle (at 20.1522 -19.9548 90) (size 1.2 1.2) (drill 0.8) (layers *.Cu *.Mask)
      (net 35 /GPIO_26))
    (pad 28 thru_hole circle (at 22.5142 -7.2548 90) (size 1.2 1.2) (drill 0.8) (layers *.Cu *.Mask)
      (net 97 "Net-(U6-Pad28)"))
    (pad 30 thru_hole circle (at 22.5142 -9.7948 90) (size 1.2 1.2) (drill 0.8) (layers *.Cu *.Mask)
      (net 46 /ISO_RTN))
    (pad 23 thru_hole circle (at 20.1522 -2.1748 90) (size 1.2 1.2) (drill 0.8) (layers *.Cu *.Mask)
      (net 44 /PI_SPI_SCLK))
    (pad 22 thru_hole circle (at 22.5142 0.3652 90) (size 1.2 1.2) (drill 0.8) (layers *.Cu *.Mask)
      (net 21 /GPIO25))
    (pad 21 thru_hole circle (at 20.1522 0.3652 90) (size 1.2 1.2) (drill 0.8) (layers *.Cu *.Mask)
      (net 45 /PI_SPI_MISO))
    (pad 20 thru_hole circle (at 22.5142 2.9052 90) (size 1.2 1.2) (drill 0.8) (layers *.Cu *.Mask)
      (net 46 /ISO_RTN))
    (pad 40 thru_hole circle (at 22.5142 -22.4948 90) (size 1.2 1.2) (drill 0.8) (layers *.Cu *.Mask)
      (net 34 /GPIO_21))
    (pad 29 thru_hole circle (at 20.1522 -9.7948 90) (size 1.2 1.2) (drill 0.8) (layers *.Cu *.Mask)
      (net 38 /GPIO_5))
    (pad 35 thru_hole circle (at 20.1522 -17.4148 90) (size 1.2 1.2) (drill 0.8) (layers *.Cu *.Mask)
      (net 36 /GPIO_19))
    (pad 18 thru_hole circle (at 22.5142 5.4452 90) (size 1.2 1.2) (drill 0.8) (layers *.Cu *.Mask)
      (net 98 "Net-(U6-Pad18)"))
    (pad 27 thru_hole circle (at 20.1522 -7.2548 90) (size 1.2 1.2) (drill 0.8) (layers *.Cu *.Mask)
      (net 39 /GPIO_0))
    (pad 38 thru_hole circle (at 22.5142 -19.9548 90) (size 1.2 1.2) (drill 0.8) (layers *.Cu *.Mask)
      (net 33 /GPIO_20))
    (pad 34 thru_hole circle (at 22.5142 -14.8748 90) (size 1.2 1.2) (drill 0.8) (layers *.Cu *.Mask)
      (net 46 /ISO_RTN))
    (pad 33 thru_hole circle (at 20.1522 -14.8748 90) (size 1.2 1.2) (drill 0.8) (layers *.Cu *.Mask)
      (net 37 /GPIO_13))
    (pad 26 thru_hole circle (at 22.5142 -4.7148 90) (size 1.2 1.2) (drill 0.8) (layers *.Cu *.Mask)
      (net 99 "Net-(U6-Pad26)"))
    (pad 31 thru_hole circle (at 20.1522 -12.3348 90) (size 1.2 1.2) (drill 0.8) (layers *.Cu *.Mask)
      (net 13 /SR_CTRL))
    (pad 36 thru_hole circle (at 22.5142 -17.4148 90) (size 1.2 1.2) (drill 0.8) (layers *.Cu *.Mask)
      (net 32 /GPIO_16))
    (pad 25 thru_hole circle (at 20.1522 -4.7148 90) (size 1.2 1.2) (drill 0.8) (layers *.Cu *.Mask)
      (net 46 /ISO_RTN))
    (pad 11 thru_hole circle (at 20.1522 13.0652 90) (size 1.2 1.2) (drill 0.8) (layers *.Cu *.Mask)
      (net 100 "Net-(U6-Pad11)"))
    (pad 44 thru_hole circle (at -27.7078 30.7532 90) (size 5 5) (drill 3) (layers *.Cu *.Mask))
    (pad 2 thru_hole circle (at 22.5142 25.7652 90) (size 1.2 1.2) (drill 0.8) (layers *.Cu *.Mask)
      (net 27 /5V_ISO))
    (pad 4 thru_hole circle (at 22.5142 23.2252 90) (size 1.2 1.2) (drill 0.8) (layers *.Cu *.Mask)
      (net 27 /5V_ISO))
    (pad 1 thru_hole circle (at 20.1522 25.7652 90) (size 1.2 1.2) (drill 0.8) (layers *.Cu *.Mask)
      (net 101 "Net-(U6-Pad1)"))
    (pad 13 thru_hole circle (at 20.1522 10.5252 90) (size 1.2 1.2) (drill 0.8) (layers *.Cu *.Mask)
      (net 102 "Net-(U6-Pad13)"))
    (pad 9 thru_hole circle (at 20.1522 15.6052 90) (size 1.2 1.2) (drill 0.8) (layers *.Cu *.Mask)
      (net 46 /ISO_RTN))
    (pad 14 thru_hole circle (at 22.5142 10.5252 90) (size 1.2 1.2) (drill 0.8) (layers *.Cu *.Mask)
      (net 46 /ISO_RTN))
    (pad 43 thru_hole circle (at -27.7078 -27.2468 90) (size 5 5) (drill 3) (layers *.Cu *.Mask))
    (pad 17 thru_hole circle (at 20.1522 5.4452 90) (size 1.2 1.2) (drill 0.8) (layers *.Cu *.Mask)
      (net 103 "Net-(U6-Pad17)"))
    (pad 41 thru_hole circle (at 21.2922 -27.2468 90) (size 5 5) (drill 3) (layers *.Cu *.Mask))
    (pad 6 thru_hole circle (at 22.5142 20.6852 90) (size 1.2 1.2) (drill 0.8) (layers *.Cu *.Mask)
      (net 46 /ISO_RTN))
    (pad 7 thru_hole circle (at 20.1522 18.1452 90) (size 1.2 1.2) (drill 0.8) (layers *.Cu *.Mask)
      (net 104 "Net-(U6-Pad7)"))
    (pad 10 thru_hole circle (at 22.5142 15.6052 90) (size 1.2 1.2) (drill 0.8) (layers *.Cu *.Mask)
      (net 105 "Net-(U6-Pad10)"))
    (pad 8 thru_hole circle (at 22.5142 18.1452 90) (size 1.2 1.2) (drill 0.8) (layers *.Cu *.Mask)
      (net 106 "Net-(U6-Pad8)"))
    (pad 42 thru_hole circle (at 21.2922 30.7532 90) (size 5 5) (drill 3) (layers *.Cu *.Mask))
    (pad 12 thru_hole circle (at 22.5142 13.0652 90) (size 1.2 1.2) (drill 0.8) (layers *.Cu *.Mask)
      (net 107 "Net-(U6-Pad12)"))
    (pad 3 thru_hole circle (at 20.1522 23.2252 90) (size 1.2 1.2) (drill 0.8) (layers *.Cu *.Mask)
      (net 28 /SDA_ISO_PI))
    (pad 5 thru_hole circle (at 20.1522 20.6852 90) (size 1.2 1.2) (drill 0.8) (layers *.Cu *.Mask)
      (net 29 /SCL_ISO_PI))
    (pad 15 thru_hole circle (at 20.1522 7.9852 90) (size 1.2 1.2) (drill 0.8) (layers *.Cu *.Mask)
      (net 108 "Net-(U6-Pad15)"))
    (pad 16 thru_hole circle (at 22.5142 7.9852 90) (size 1.2 1.2) (drill 0.8) (layers *.Cu *.Mask)
      (net 109 "Net-(U6-Pad16)"))
    (model ${KIPRJMOD}/Logic_3D_Models/raspberry_pi_3_b_plus.stp
      (offset (xyz -3 -11.5 8))
      (scale (xyz 1 1 1))
      (rotate (xyz 0 0 90))
    )
  )

  (module Capacitor_SMD:C_0805_2012Metric_Pad1.15x1.40mm_HandSolder (layer F.Cu) (tedit 5B36C52B) (tstamp 5FBB967F)
    (at 204.724 96.012 270)
    (descr "Capacitor SMD 0805 (2012 Metric), square (rectangular) end terminal, IPC_7351 nominal with elongated pad for handsoldering. (Body size source: https://docs.google.com/spreadsheets/d/1BsfQQcO9C6DZCsRaXUlFlo91Tg2WpOkGARC1WS5S8t0/edit?usp=sharing), generated with kicad-footprint-generator")
    (tags "capacitor handsolder")
    (path /5FB9045B)
    (attr smd)
    (fp_text reference C4 (at -2.54 0 180) (layer F.SilkS)
      (effects (font (size 1 1) (thickness 0.15)))
    )
    (fp_text value 0.1u (at 0 1.65 90) (layer F.Fab)
      (effects (font (size 1 1) (thickness 0.15)))
    )
    (fp_line (start -1 0.6) (end -1 -0.6) (layer F.Fab) (width 0.1))
    (fp_line (start -1 -0.6) (end 1 -0.6) (layer F.Fab) (width 0.1))
    (fp_line (start 1 -0.6) (end 1 0.6) (layer F.Fab) (width 0.1))
    (fp_line (start 1 0.6) (end -1 0.6) (layer F.Fab) (width 0.1))
    (fp_line (start -0.261252 -0.71) (end 0.261252 -0.71) (layer F.SilkS) (width 0.12))
    (fp_line (start -0.261252 0.71) (end 0.261252 0.71) (layer F.SilkS) (width 0.12))
    (fp_line (start -1.85 0.95) (end -1.85 -0.95) (layer F.CrtYd) (width 0.05))
    (fp_line (start -1.85 -0.95) (end 1.85 -0.95) (layer F.CrtYd) (width 0.05))
    (fp_line (start 1.85 -0.95) (end 1.85 0.95) (layer F.CrtYd) (width 0.05))
    (fp_line (start 1.85 0.95) (end -1.85 0.95) (layer F.CrtYd) (width 0.05))
    (fp_text user %R (at 0 0 90) (layer F.Fab)
      (effects (font (size 0.5 0.5) (thickness 0.08)))
    )
    (pad 2 smd roundrect (at 1.025 0 270) (size 1.15 1.4) (layers F.Cu F.Paste F.Mask) (roundrect_rratio 0.217391)
      (net 26 /3.3V_ISO))
    (pad 1 smd roundrect (at -1.025 0 270) (size 1.15 1.4) (layers F.Cu F.Paste F.Mask) (roundrect_rratio 0.217391)
      (net 46 /ISO_RTN))
    (model ${KISYS3DMOD}/Capacitor_SMD.3dshapes/C_0805_2012Metric.wrl
      (at (xyz 0 0 0))
      (scale (xyz 1 1 1))
      (rotate (xyz 0 0 0))
    )
  )

  (module "CarMan General Footprints:QFP50P1200X1200X120-64N" (layer F.Cu) (tedit 5FB746BD) (tstamp 5FBB9B3E)
    (at 211.582 105.41 180)
    (path /5FB90468)
    (fp_text reference U3 (at -3.57859 -7.39243) (layer F.SilkS)
      (effects (font (size 1.001008 1.001008) (thickness 0.015)))
    )
    (fp_text value PIC32MZ2048EFM064-I_PT (at 7.864735 7.374075) (layer F.Fab)
      (effects (font (size 1.001236 1.001236) (thickness 0.015)))
    )
    (fp_line (start -6.75 6.75) (end -6.75 -6.75) (layer F.CrtYd) (width 0.05))
    (fp_line (start 6.75 6.75) (end -6.75 6.75) (layer F.CrtYd) (width 0.05))
    (fp_line (start 6.75 -6.75) (end 6.75 6.75) (layer F.CrtYd) (width 0.05))
    (fp_line (start -6.75 -6.75) (end 6.75 -6.75) (layer F.CrtYd) (width 0.05))
    (fp_circle (center -3.9 -3.8) (end -3.65 -3.8) (layer F.SilkS) (width 0.5))
    (fp_circle (center -5.85 -4.6) (end -5.75 -4.6) (layer F.SilkS) (width 0.2))
    (fp_line (start 5 -5) (end 4.2 -5) (layer F.SilkS) (width 0.2))
    (fp_line (start 5 -4.2) (end 5 -5) (layer F.SilkS) (width 0.2))
    (fp_line (start 5 5) (end 5 4.2) (layer F.SilkS) (width 0.2))
    (fp_line (start 4.2 5) (end 5 5) (layer F.SilkS) (width 0.2))
    (fp_line (start -5 5) (end -4.2 5) (layer F.SilkS) (width 0.2))
    (fp_line (start -5 4.2) (end -5 5) (layer F.SilkS) (width 0.2))
    (fp_line (start -5 -5) (end -5 -4.2) (layer F.SilkS) (width 0.2))
    (fp_line (start -4.2 -5) (end -5 -5) (layer F.SilkS) (width 0.2))
    (fp_line (start -5 5) (end -5 -5) (layer F.Fab) (width 0.2))
    (fp_line (start 5 5) (end -5 5) (layer F.Fab) (width 0.2))
    (fp_line (start 5 -5) (end 5 5) (layer F.Fab) (width 0.2))
    (fp_line (start -5 -5) (end 5 -5) (layer F.Fab) (width 0.2))
    (pad 1 smd rect (at -5.67 -3.75 180) (size 1.47 0.3) (layers F.Cu F.Paste F.Mask)
      (net 61 "Net-(U3-Pad1)"))
    (pad 2 smd rect (at -5.67 -3.25 180) (size 1.47 0.3) (layers F.Cu F.Paste F.Mask)
      (net 62 "Net-(U3-Pad2)"))
    (pad 3 smd rect (at -5.67 -2.75 180) (size 1.47 0.3) (layers F.Cu F.Paste F.Mask)
      (net 12 /Cooling_CTRL))
    (pad 4 smd rect (at -5.67 -2.25 180) (size 1.47 0.3) (layers F.Cu F.Paste F.Mask)
      (net 63 "Net-(U3-Pad4)"))
    (pad 5 smd rect (at -5.67 -1.75 180) (size 1.47 0.3) (layers F.Cu F.Paste F.Mask)
      (net 29 /SCL_ISO_PI))
    (pad 6 smd rect (at -5.67 -1.25 180) (size 1.47 0.3) (layers F.Cu F.Paste F.Mask)
      (net 28 /SDA_ISO_PI))
    (pad 7 smd rect (at -5.67 -0.75 180) (size 1.47 0.3) (layers F.Cu F.Paste F.Mask)
      (net 46 /ISO_RTN))
    (pad 8 smd rect (at -5.67 -0.25 180) (size 1.47 0.3) (layers F.Cu F.Paste F.Mask)
      (net 26 /3.3V_ISO))
    (pad 9 smd rect (at -5.67 0.25 180) (size 1.47 0.3) (layers F.Cu F.Paste F.Mask)
      (net 14 /~MCLR~))
    (pad 10 smd rect (at -5.67 0.75 180) (size 1.47 0.3) (layers F.Cu F.Paste F.Mask)
      (net 64 "Net-(U3-Pad10)"))
    (pad 11 smd rect (at -5.67 1.25 180) (size 1.47 0.3) (layers F.Cu F.Paste F.Mask)
      (net 47 /APPS))
    (pad 12 smd rect (at -5.67 1.75 180) (size 1.47 0.3) (layers F.Cu F.Paste F.Mask)
      (net 65 "Net-(U3-Pad12)"))
    (pad 13 smd rect (at -5.67 2.25 180) (size 1.47 0.3) (layers F.Cu F.Paste F.Mask)
      (net 66 "Net-(U3-Pad13)"))
    (pad 14 smd rect (at -5.67 2.75 180) (size 1.47 0.3) (layers F.Cu F.Paste F.Mask)
      (net 67 "Net-(U3-Pad14)"))
    (pad 15 smd rect (at -5.67 3.25 180) (size 1.47 0.3) (layers F.Cu F.Paste F.Mask)
      (net 15 /PGEC))
    (pad 16 smd rect (at -5.67 3.75 180) (size 1.47 0.3) (layers F.Cu F.Paste F.Mask)
      (net 16 /PGED))
    (pad 17 smd rect (at -3.75 5.67 180) (size 0.3 1.47) (layers F.Cu F.Paste F.Mask)
      (net 48 /CoolTemp))
    (pad 18 smd rect (at -3.25 5.67 180) (size 0.3 1.47) (layers F.Cu F.Paste F.Mask)
      (net 49 /FlowRate))
    (pad 19 smd rect (at -2.75 5.67 180) (size 0.3 1.47) (layers F.Cu F.Paste F.Mask)
      (net 26 /3.3V_ISO))
    (pad 20 smd rect (at -2.25 5.67 180) (size 0.3 1.47) (layers F.Cu F.Paste F.Mask)
      (net 46 /ISO_RTN))
    (pad 21 smd rect (at -1.75 5.67 180) (size 0.3 1.47) (layers F.Cu F.Paste F.Mask)
      (net 68 "Net-(U3-Pad21)"))
    (pad 22 smd rect (at -1.25 5.67 180) (size 0.3 1.47) (layers F.Cu F.Paste F.Mask)
      (net 69 "Net-(U3-Pad22)"))
    (pad 23 smd rect (at -0.75 5.67 180) (size 0.3 1.47) (layers F.Cu F.Paste F.Mask)
      (net 50 /ADC_RTN))
    (pad 24 smd rect (at -0.25 5.67 180) (size 0.3 1.47) (layers F.Cu F.Paste F.Mask)
      (net 50 /ADC_RTN))
    (pad 25 smd rect (at 0.25 5.67 180) (size 0.3 1.47) (layers F.Cu F.Paste F.Mask)
      (net 46 /ISO_RTN))
    (pad 26 smd rect (at 0.75 5.67 180) (size 0.3 1.47) (layers F.Cu F.Paste F.Mask)
      (net 26 /3.3V_ISO))
    (pad 27 smd rect (at 1.25 5.67 180) (size 0.3 1.47) (layers F.Cu F.Paste F.Mask)
      (net 70 "Net-(U3-Pad27)"))
    (pad 28 smd rect (at 1.75 5.67 180) (size 0.3 1.47) (layers F.Cu F.Paste F.Mask)
      (net 71 "Net-(U3-Pad28)"))
    (pad 29 smd rect (at 2.25 5.67 180) (size 0.3 1.47) (layers F.Cu F.Paste F.Mask)
      (net 40 /V_OUT_TEMP))
    (pad 30 smd rect (at 2.75 5.67 180) (size 0.3 1.47) (layers F.Cu F.Paste F.Mask)
      (net 72 "Net-(U3-Pad30)"))
    (pad 31 smd rect (at 3.25 5.67 180) (size 0.3 1.47) (layers F.Cu F.Paste F.Mask)
      (net 73 "Net-(U3-Pad31)"))
    (pad 32 smd rect (at 3.75 5.67 180) (size 0.3 1.47) (layers F.Cu F.Paste F.Mask)
      (net 74 "Net-(U3-Pad32)"))
    (pad 33 smd rect (at 5.67 3.75 180) (size 1.47 0.3) (layers F.Cu F.Paste F.Mask)
      (net 75 "Net-(U3-Pad33)"))
    (pad 34 smd rect (at 5.67 3.25 180) (size 1.47 0.3) (layers F.Cu F.Paste F.Mask)
      (net 46 /ISO_RTN))
    (pad 35 smd rect (at 5.67 2.75 180) (size 1.47 0.3) (layers F.Cu F.Paste F.Mask)
      (net 46 /ISO_RTN))
    (pad 36 smd rect (at 5.67 2.25 180) (size 1.47 0.3) (layers F.Cu F.Paste F.Mask)
      (net 76 "Net-(U3-Pad36)"))
    (pad 37 smd rect (at 5.67 1.75 180) (size 1.47 0.3) (layers F.Cu F.Paste F.Mask)
      (net 77 "Net-(U3-Pad37)"))
    (pad 38 smd rect (at 5.67 1.25 180) (size 1.47 0.3) (layers F.Cu F.Paste F.Mask)
      (net 78 "Net-(U3-Pad38)"))
    (pad 39 smd rect (at 5.67 0.75 180) (size 1.47 0.3) (layers F.Cu F.Paste F.Mask)
      (net 26 /3.3V_ISO))
    (pad 40 smd rect (at 5.67 0.25 180) (size 1.47 0.3) (layers F.Cu F.Paste F.Mask)
      (net 46 /ISO_RTN))
    (pad 41 smd rect (at 5.67 -0.25 180) (size 1.47 0.3) (layers F.Cu F.Paste F.Mask)
      (net 41 /PIC_TXD))
    (pad 42 smd rect (at 5.67 -0.75 180) (size 1.47 0.3) (layers F.Cu F.Paste F.Mask)
      (net 42 /PIC_RXD))
    (pad 43 smd rect (at 5.67 -1.25 180) (size 1.47 0.3) (layers F.Cu F.Paste F.Mask)
      (net 79 "Net-(U3-Pad43)"))
    (pad 44 smd rect (at 5.67 -1.75 180) (size 1.47 0.3) (layers F.Cu F.Paste F.Mask)
      (net 80 "Net-(U3-Pad44)"))
    (pad 45 smd rect (at 5.67 -2.25 180) (size 1.47 0.3) (layers F.Cu F.Paste F.Mask)
      (net 81 "Net-(U3-Pad45)"))
    (pad 46 smd rect (at 5.67 -2.75 180) (size 1.47 0.3) (layers F.Cu F.Paste F.Mask)
      (net 51 /STATE_OUT_1))
    (pad 47 smd rect (at 5.67 -3.25 180) (size 1.47 0.3) (layers F.Cu F.Paste F.Mask)
      (net 82 "Net-(U3-Pad47)"))
    (pad 48 smd rect (at 5.67 -3.75 180) (size 1.47 0.3) (layers F.Cu F.Paste F.Mask)
      (net 83 "Net-(U3-Pad48)"))
    (pad 49 smd rect (at 3.75 -5.67 180) (size 0.3 1.47) (layers F.Cu F.Paste F.Mask)
      (net 52 /STATE_OUT_2))
    (pad 50 smd rect (at 3.25 -5.67 180) (size 0.3 1.47) (layers F.Cu F.Paste F.Mask)
      (net 53 /STATE_OUT_3))
    (pad 51 smd rect (at 2.75 -5.67 180) (size 0.3 1.47) (layers F.Cu F.Paste F.Mask)
      (net 84 "Net-(U3-Pad51)"))
    (pad 52 smd rect (at 2.25 -5.67 180) (size 0.3 1.47) (layers F.Cu F.Paste F.Mask)
      (net 85 "Net-(U3-Pad52)"))
    (pad 53 smd rect (at 1.75 -5.67 180) (size 0.3 1.47) (layers F.Cu F.Paste F.Mask)
      (net 86 "Net-(U3-Pad53)"))
    (pad 54 smd rect (at 1.25 -5.67 180) (size 0.3 1.47) (layers F.Cu F.Paste F.Mask)
      (net 26 /3.3V_ISO))
    (pad 55 smd rect (at 0.75 -5.67 180) (size 0.3 1.47) (layers F.Cu F.Paste F.Mask)
      (net 46 /ISO_RTN))
    (pad 56 smd rect (at 0.25 -5.67 180) (size 0.3 1.47) (layers F.Cu F.Paste F.Mask)
      (net 87 "Net-(U3-Pad56)"))
    (pad 57 smd rect (at -0.25 -5.67 180) (size 0.3 1.47) (layers F.Cu F.Paste F.Mask)
      (net 88 "Net-(U3-Pad57)"))
    (pad 58 smd rect (at -0.75 -5.67 180) (size 0.3 1.47) (layers F.Cu F.Paste F.Mask)
      (net 89 "Net-(U3-Pad58)"))
    (pad 59 smd rect (at -1.25 -5.67 180) (size 0.3 1.47) (layers F.Cu F.Paste F.Mask)
      (net 46 /ISO_RTN))
    (pad 60 smd rect (at -1.75 -5.67 180) (size 0.3 1.47) (layers F.Cu F.Paste F.Mask)
      (net 26 /3.3V_ISO))
    (pad 61 smd rect (at -2.25 -5.67 180) (size 0.3 1.47) (layers F.Cu F.Paste F.Mask)
      (net 90 "Net-(U3-Pad61)"))
    (pad 62 smd rect (at -2.75 -5.67 180) (size 0.3 1.47) (layers F.Cu F.Paste F.Mask)
      (net 91 "Net-(U3-Pad62)"))
    (pad 63 smd rect (at -3.25 -5.67 180) (size 0.3 1.47) (layers F.Cu F.Paste F.Mask)
      (net 92 "Net-(U3-Pad63)"))
    (pad 64 smd rect (at -3.75 -5.67 180) (size 0.3 1.47) (layers F.Cu F.Paste F.Mask)
      (net 93 "Net-(U3-Pad64)"))
  )

  (module Capacitor_SMD:C_0805_2012Metric_Pad1.15x1.40mm_HandSolder (layer F.Cu) (tedit 5B36C52B) (tstamp 5FBB964C)
    (at 154.94 72 270)
    (descr "Capacitor SMD 0805 (2012 Metric), square (rectangular) end terminal, IPC_7351 nominal with elongated pad for handsoldering. (Body size source: https://docs.google.com/spreadsheets/d/1BsfQQcO9C6DZCsRaXUlFlo91Tg2WpOkGARC1WS5S8t0/edit?usp=sharing), generated with kicad-footprint-generator")
    (tags "capacitor handsolder")
    (path /5F9A7CF0/5FADAB07)
    (attr smd)
    (fp_text reference C1 (at 0 -1.65 90) (layer F.SilkS)
      (effects (font (size 1 1) (thickness 0.15)))
    )
    (fp_text value 0.1uF (at 0 1.65 90) (layer F.Fab)
      (effects (font (size 1 1) (thickness 0.15)))
    )
    (fp_line (start 1.85 0.95) (end -1.85 0.95) (layer F.CrtYd) (width 0.05))
    (fp_line (start 1.85 -0.95) (end 1.85 0.95) (layer F.CrtYd) (width 0.05))
    (fp_line (start -1.85 -0.95) (end 1.85 -0.95) (layer F.CrtYd) (width 0.05))
    (fp_line (start -1.85 0.95) (end -1.85 -0.95) (layer F.CrtYd) (width 0.05))
    (fp_line (start -0.261252 0.71) (end 0.261252 0.71) (layer F.SilkS) (width 0.12))
    (fp_line (start -0.261252 -0.71) (end 0.261252 -0.71) (layer F.SilkS) (width 0.12))
    (fp_line (start 1 0.6) (end -1 0.6) (layer F.Fab) (width 0.1))
    (fp_line (start 1 -0.6) (end 1 0.6) (layer F.Fab) (width 0.1))
    (fp_line (start -1 -0.6) (end 1 -0.6) (layer F.Fab) (width 0.1))
    (fp_line (start -1 0.6) (end -1 -0.6) (layer F.Fab) (width 0.1))
    (fp_text user %R (at 0 0 90) (layer F.Fab)
      (effects (font (size 0.5 0.5) (thickness 0.08)))
    )
    (pad 1 smd roundrect (at -1.025 0 270) (size 1.15 1.4) (layers F.Cu F.Paste F.Mask) (roundrect_rratio 0.217391)
      (net 23 /GLV_RTN))
    (pad 2 smd roundrect (at 1.025 0 270) (size 1.15 1.4) (layers F.Cu F.Paste F.Mask) (roundrect_rratio 0.217391)
      (net 24 /5V_NON_ISO))
    (model ${KISYS3DMOD}/Capacitor_SMD.3dshapes/C_0805_2012Metric.wrl
      (at (xyz 0 0 0))
      (scale (xyz 1 1 1))
      (rotate (xyz 0 0 0))
    )
  )

  (module Capacitor_SMD:C_0805_2012Metric_Pad1.15x1.40mm_HandSolder (layer F.Cu) (tedit 5B36C52B) (tstamp 5FBB965D)
    (at 146.685 125.975 270)
    (descr "Capacitor SMD 0805 (2012 Metric), square (rectangular) end terminal, IPC_7351 nominal with elongated pad for handsoldering. (Body size source: https://docs.google.com/spreadsheets/d/1BsfQQcO9C6DZCsRaXUlFlo91Tg2WpOkGARC1WS5S8t0/edit?usp=sharing), generated with kicad-footprint-generator")
    (tags "capacitor handsolder")
    (path /5FB9037B)
    (attr smd)
    (fp_text reference C2 (at -2.785 0 90) (layer F.SilkS)
      (effects (font (size 1 1) (thickness 0.15)))
    )
    (fp_text value 0.1uF (at 0 1.65 90) (layer F.Fab)
      (effects (font (size 1 1) (thickness 0.15)))
    )
    (fp_line (start -1 0.6) (end -1 -0.6) (layer F.Fab) (width 0.1))
    (fp_line (start -1 -0.6) (end 1 -0.6) (layer F.Fab) (width 0.1))
    (fp_line (start 1 -0.6) (end 1 0.6) (layer F.Fab) (width 0.1))
    (fp_line (start 1 0.6) (end -1 0.6) (layer F.Fab) (width 0.1))
    (fp_line (start -0.261252 -0.71) (end 0.261252 -0.71) (layer F.SilkS) (width 0.12))
    (fp_line (start -0.261252 0.71) (end 0.261252 0.71) (layer F.SilkS) (width 0.12))
    (fp_line (start -1.85 0.95) (end -1.85 -0.95) (layer F.CrtYd) (width 0.05))
    (fp_line (start -1.85 -0.95) (end 1.85 -0.95) (layer F.CrtYd) (width 0.05))
    (fp_line (start 1.85 -0.95) (end 1.85 0.95) (layer F.CrtYd) (width 0.05))
    (fp_line (start 1.85 0.95) (end -1.85 0.95) (layer F.CrtYd) (width 0.05))
    (fp_text user %R (at 0 0 90) (layer F.Fab)
      (effects (font (size 0.5 0.5) (thickness 0.08)))
    )
    (pad 2 smd roundrect (at 1.025 0 270) (size 1.15 1.4) (layers F.Cu F.Paste F.Mask) (roundrect_rratio 0.217391)
      (net 25 "Net-(C2-Pad2)"))
    (pad 1 smd roundrect (at -1.025 0 270) (size 1.15 1.4) (layers F.Cu F.Paste F.Mask) (roundrect_rratio 0.217391)
      (net 46 /ISO_RTN))
    (model ${KISYS3DMOD}/Capacitor_SMD.3dshapes/C_0805_2012Metric.wrl
      (at (xyz 0 0 0))
      (scale (xyz 1 1 1))
      (rotate (xyz 0 0 0))
    )
  )

  (module Capacitor_SMD:C_0805_2012Metric_Pad1.15x1.40mm_HandSolder (layer B.Cu) (tedit 5B36C52B) (tstamp 5FBB966E)
    (at 160.02 22.86 270)
    (descr "Capacitor SMD 0805 (2012 Metric), square (rectangular) end terminal, IPC_7351 nominal with elongated pad for handsoldering. (Body size source: https://docs.google.com/spreadsheets/d/1BsfQQcO9C6DZCsRaXUlFlo91Tg2WpOkGARC1WS5S8t0/edit?usp=sharing), generated with kicad-footprint-generator")
    (tags "capacitor handsolder")
    (path /5FAD1CB8/5FAFCFBF)
    (attr smd)
    (fp_text reference C3 (at 0 1.65 270) (layer B.SilkS)
      (effects (font (size 1 1) (thickness 0.15)) (justify mirror))
    )
    (fp_text value 0.1uF (at 0 -1.65 270) (layer B.Fab)
      (effects (font (size 1 1) (thickness 0.15)) (justify mirror))
    )
    (fp_line (start -1 -0.6) (end -1 0.6) (layer B.Fab) (width 0.1))
    (fp_line (start -1 0.6) (end 1 0.6) (layer B.Fab) (width 0.1))
    (fp_line (start 1 0.6) (end 1 -0.6) (layer B.Fab) (width 0.1))
    (fp_line (start 1 -0.6) (end -1 -0.6) (layer B.Fab) (width 0.1))
    (fp_line (start -0.261252 0.71) (end 0.261252 0.71) (layer B.SilkS) (width 0.12))
    (fp_line (start -0.261252 -0.71) (end 0.261252 -0.71) (layer B.SilkS) (width 0.12))
    (fp_line (start -1.85 -0.95) (end -1.85 0.95) (layer B.CrtYd) (width 0.05))
    (fp_line (start -1.85 0.95) (end 1.85 0.95) (layer B.CrtYd) (width 0.05))
    (fp_line (start 1.85 0.95) (end 1.85 -0.95) (layer B.CrtYd) (width 0.05))
    (fp_line (start 1.85 -0.95) (end -1.85 -0.95) (layer B.CrtYd) (width 0.05))
    (fp_text user %R (at 0 0 270) (layer B.Fab)
      (effects (font (size 0.5 0.5) (thickness 0.08)) (justify mirror))
    )
    (pad 2 smd roundrect (at 1.025 0 270) (size 1.15 1.4) (layers B.Cu B.Paste B.Mask) (roundrect_rratio 0.217391)
      (net 23 /GLV_RTN))
    (pad 1 smd roundrect (at -1.025 0 270) (size 1.15 1.4) (layers B.Cu B.Paste B.Mask) (roundrect_rratio 0.217391)
      (net 1 /24V))
    (model ${KISYS3DMOD}/Capacitor_SMD.3dshapes/C_0805_2012Metric.wrl
      (at (xyz 0 0 0))
      (scale (xyz 1 1 1))
      (rotate (xyz 0 0 0))
    )
  )

  (module Capacitor_SMD:C_0805_2012Metric_Pad1.15x1.40mm_HandSolder (layer B.Cu) (tedit 5B36C52B) (tstamp 5FBB9690)
    (at 139.7 23.105 270)
    (descr "Capacitor SMD 0805 (2012 Metric), square (rectangular) end terminal, IPC_7351 nominal with elongated pad for handsoldering. (Body size source: https://docs.google.com/spreadsheets/d/1BsfQQcO9C6DZCsRaXUlFlo91Tg2WpOkGARC1WS5S8t0/edit?usp=sharing), generated with kicad-footprint-generator")
    (tags "capacitor handsolder")
    (path /5FAD1CB8/5FAF6616)
    (attr smd)
    (fp_text reference C5 (at 0 1.65 90) (layer B.SilkS)
      (effects (font (size 1 1) (thickness 0.15)) (justify mirror))
    )
    (fp_text value 1uF (at 0 -1.65 90) (layer B.Fab)
      (effects (font (size 1 1) (thickness 0.15)) (justify mirror))
    )
    (fp_line (start -1 -0.6) (end -1 0.6) (layer B.Fab) (width 0.1))
    (fp_line (start -1 0.6) (end 1 0.6) (layer B.Fab) (width 0.1))
    (fp_line (start 1 0.6) (end 1 -0.6) (layer B.Fab) (width 0.1))
    (fp_line (start 1 -0.6) (end -1 -0.6) (layer B.Fab) (width 0.1))
    (fp_line (start -0.261252 0.71) (end 0.261252 0.71) (layer B.SilkS) (width 0.12))
    (fp_line (start -0.261252 -0.71) (end 0.261252 -0.71) (layer B.SilkS) (width 0.12))
    (fp_line (start -1.85 -0.95) (end -1.85 0.95) (layer B.CrtYd) (width 0.05))
    (fp_line (start -1.85 0.95) (end 1.85 0.95) (layer B.CrtYd) (width 0.05))
    (fp_line (start 1.85 0.95) (end 1.85 -0.95) (layer B.CrtYd) (width 0.05))
    (fp_line (start 1.85 -0.95) (end -1.85 -0.95) (layer B.CrtYd) (width 0.05))
    (fp_text user %R (at 0 0 90) (layer B.Fab)
      (effects (font (size 0.5 0.5) (thickness 0.08)) (justify mirror))
    )
    (pad 2 smd roundrect (at 1.025 0 270) (size 1.15 1.4) (layers B.Cu B.Paste B.Mask) (roundrect_rratio 0.217391)
      (net 46 /ISO_RTN))
    (pad 1 smd roundrect (at -1.025 0 270) (size 1.15 1.4) (layers B.Cu B.Paste B.Mask) (roundrect_rratio 0.217391)
      (net 27 /5V_ISO))
    (model ${KISYS3DMOD}/Capacitor_SMD.3dshapes/C_0805_2012Metric.wrl
      (at (xyz 0 0 0))
      (scale (xyz 1 1 1))
      (rotate (xyz 0 0 0))
    )
  )

  (module Capacitor_SMD:C_0805_2012Metric_Pad1.15x1.40mm_HandSolder (layer F.Cu) (tedit 5B36C52B) (tstamp 5FBB96A1)
    (at 206.756 96.012 270)
    (descr "Capacitor SMD 0805 (2012 Metric), square (rectangular) end terminal, IPC_7351 nominal with elongated pad for handsoldering. (Body size source: https://docs.google.com/spreadsheets/d/1BsfQQcO9C6DZCsRaXUlFlo91Tg2WpOkGARC1WS5S8t0/edit?usp=sharing), generated with kicad-footprint-generator")
    (tags "capacitor handsolder")
    (path /5FB90455)
    (attr smd)
    (fp_text reference C6 (at -2.54 0) (layer F.SilkS)
      (effects (font (size 1 1) (thickness 0.15)))
    )
    (fp_text value 0.1u (at 0 1.65 270) (layer F.Fab)
      (effects (font (size 1 1) (thickness 0.15)))
    )
    (fp_line (start -1 0.6) (end -1 -0.6) (layer F.Fab) (width 0.1))
    (fp_line (start -1 -0.6) (end 1 -0.6) (layer F.Fab) (width 0.1))
    (fp_line (start 1 -0.6) (end 1 0.6) (layer F.Fab) (width 0.1))
    (fp_line (start 1 0.6) (end -1 0.6) (layer F.Fab) (width 0.1))
    (fp_line (start -0.261252 -0.71) (end 0.261252 -0.71) (layer F.SilkS) (width 0.12))
    (fp_line (start -0.261252 0.71) (end 0.261252 0.71) (layer F.SilkS) (width 0.12))
    (fp_line (start -1.85 0.95) (end -1.85 -0.95) (layer F.CrtYd) (width 0.05))
    (fp_line (start -1.85 -0.95) (end 1.85 -0.95) (layer F.CrtYd) (width 0.05))
    (fp_line (start 1.85 -0.95) (end 1.85 0.95) (layer F.CrtYd) (width 0.05))
    (fp_line (start 1.85 0.95) (end -1.85 0.95) (layer F.CrtYd) (width 0.05))
    (fp_text user %R (at 0 0 270) (layer F.Fab)
      (effects (font (size 0.5 0.5) (thickness 0.08)))
    )
    (pad 2 smd roundrect (at 1.025 0 270) (size 1.15 1.4) (layers F.Cu F.Paste F.Mask) (roundrect_rratio 0.217391)
      (net 26 /3.3V_ISO))
    (pad 1 smd roundrect (at -1.025 0 270) (size 1.15 1.4) (layers F.Cu F.Paste F.Mask) (roundrect_rratio 0.217391)
      (net 46 /ISO_RTN))
    (model ${KISYS3DMOD}/Capacitor_SMD.3dshapes/C_0805_2012Metric.wrl
      (at (xyz 0 0 0))
      (scale (xyz 1 1 1))
      (rotate (xyz 0 0 0))
    )
  )

  (module Capacitor_SMD:C_0805_2012Metric_Pad1.15x1.40mm_HandSolder (layer F.Cu) (tedit 5B36C52B) (tstamp 5FBB96B2)
    (at 208.788 96.012 270)
    (descr "Capacitor SMD 0805 (2012 Metric), square (rectangular) end terminal, IPC_7351 nominal with elongated pad for handsoldering. (Body size source: https://docs.google.com/spreadsheets/d/1BsfQQcO9C6DZCsRaXUlFlo91Tg2WpOkGARC1WS5S8t0/edit?usp=sharing), generated with kicad-footprint-generator")
    (tags "capacitor handsolder")
    (path /5FB9044F)
    (attr smd)
    (fp_text reference C7 (at -2.54 0) (layer F.SilkS)
      (effects (font (size 1 1) (thickness 0.15)))
    )
    (fp_text value 0.1u (at 0 1.65 270) (layer F.Fab)
      (effects (font (size 1 1) (thickness 0.15)))
    )
    (fp_line (start -1 0.6) (end -1 -0.6) (layer F.Fab) (width 0.1))
    (fp_line (start -1 -0.6) (end 1 -0.6) (layer F.Fab) (width 0.1))
    (fp_line (start 1 -0.6) (end 1 0.6) (layer F.Fab) (width 0.1))
    (fp_line (start 1 0.6) (end -1 0.6) (layer F.Fab) (width 0.1))
    (fp_line (start -0.261252 -0.71) (end 0.261252 -0.71) (layer F.SilkS) (width 0.12))
    (fp_line (start -0.261252 0.71) (end 0.261252 0.71) (layer F.SilkS) (width 0.12))
    (fp_line (start -1.85 0.95) (end -1.85 -0.95) (layer F.CrtYd) (width 0.05))
    (fp_line (start -1.85 -0.95) (end 1.85 -0.95) (layer F.CrtYd) (width 0.05))
    (fp_line (start 1.85 -0.95) (end 1.85 0.95) (layer F.CrtYd) (width 0.05))
    (fp_line (start 1.85 0.95) (end -1.85 0.95) (layer F.CrtYd) (width 0.05))
    (fp_text user %R (at 0 0 270) (layer F.Fab)
