(kicad_pcb (version 20171130) (host pcbnew "(5.1.6)-1")

  (general
    (thickness 1.6)
    (drawings 0)
    (tracks 271)
    (zones 0)
    (modules 64)
    (nets 117)
  )

  (page A4)
  (layers
    (0 F.Cu signal)
    (31 B.Cu signal)
    (32 B.Adhes user hide)
    (33 F.Adhes user hide)
    (34 B.Paste user hide)
    (35 F.Paste user hide)
    (36 B.SilkS user)
    (37 F.SilkS user)
    (38 B.Mask user hide)
    (39 F.Mask user hide)
    (40 Dwgs.User user hide)
    (41 Cmts.User user hide)
    (42 Eco1.User user hide)
    (43 Eco2.User user hide)
    (44 Edge.Cuts user)
    (45 Margin user hide)
    (46 B.CrtYd user)
    (47 F.CrtYd user)
    (48 B.Fab user hide)
    (49 F.Fab user hide)
  )

  (setup
    (last_trace_width 0.25)
    (trace_clearance 0.2)
    (zone_clearance 0.508)
    (zone_45_only no)
    (trace_min 0.2)
    (via_size 0.8)
    (via_drill 0.4)
    (via_min_size 0.4)
    (via_min_drill 0.3)
    (uvia_size 0.3)
    (uvia_drill 0.1)
    (uvias_allowed no)
    (uvia_min_size 0.2)
    (uvia_min_drill 0.1)
    (edge_width 0.05)
    (segment_width 0.2)
    (pcb_text_width 0.3)
    (pcb_text_size 1.5 1.5)
    (mod_edge_width 0.12)
    (mod_text_size 1 1)
    (mod_text_width 0.15)
    (pad_size 1.15 1.4)
    (pad_drill 0)
    (pad_to_mask_clearance 0.05)
    (aux_axis_origin 0 0)
    (visible_elements 7FFFFFFF)
    (pcbplotparams
      (layerselection 0x010fc_ffffffff)
      (usegerberextensions false)
      (usegerberattributes true)
      (usegerberadvancedattributes true)
      (creategerberjobfile true)
      (excludeedgelayer true)
      (linewidth 0.100000)
      (plotframeref false)
      (viasonmask false)
      (mode 1)
      (useauxorigin false)
      (hpglpennumber 1)
      (hpglpenspeed 20)
      (hpglpendiameter 15.000000)
      (psnegative false)
      (psa4output false)
      (plotreference true)
      (plotvalue true)
      (plotinvisibletext false)
      (padsonsilk false)
      (subtractmaskfromsilk false)
      (outputformat 1)
      (mirror false)
      (drillshape 1)
      (scaleselection 1)
      (outputdirectory ""))
  )

  (net 0 "")
  (net 1 /5V_non_iso)
  (net 2 /3.3V_rtn)
  (net 3 "Net-(C2-Pad1)")
  (net 4 /24V_rtn)
  (net 5 /24V)
  (net 6 /3.3V)
  (net 7 /5V)
  (net 8 "Net-(C13-Pad2)")
  (net 9 "Net-(C16-Pad2)")
  (net 10 "Net-(C17-Pad2)")
  (net 11 "Net-(CR1-Pad4)")
  (net 12 "Net-(CR1-Pad5)")
  (net 13 "Net-(D1-Pad2)")
  (net 14 "Net-(D2-Pad2)")
  (net 15 "Net-(D3-Pad2)")
  (net 16 "Net-(D4-Pad2)")
  (net 17 "Net-(D5-Pad2)")
  (net 18 "Net-(D6-Pad2)")
  (net 19 "Net-(J1-Pad4)")
  (net 20 /BP_CAN-)
  (net 21 /BP_CAN+)
  (net 22 /GLV_SCL)
  (net 23 /GLV_SDA)
  (net 24 /Safety_Loop)
  (net 25 /Cooling_CTRL)
  (net 26 /Throttle_SEL)
  (net 27 /PC_ready)
  (net 28 /RTDS_CTRL)
  (net 29 /SR_CTRL)
  (net 30 /AMS_Fault)
  (net 31 "Net-(J6-Pad1)")
  (net 32 "Net-(J6-Pad2)")
  (net 33 "Net-(J6-Pad3)")
  (net 34 "Net-(J6-Pad4)")
  (net 35 "Net-(J6-Pad5)")
  (net 36 "Net-(J6-Pad6)")
  (net 37 "Net-(J6-Pad7)")
  (net 38 "Net-(J6-Pad8)")
  (net 39 /~MCLR~)
  (net 40 /PGEC)
  (net 41 /PGED)
  (net 42 "Net-(J8-Pad6)")
  (net 43 "Net-(J9-Pad1)")
  (net 44 /SDA_iso)
  (net 45 /SCL_iso)
  (net 46 /3.3V_non_iso)
  (net 47 "Net-(R10-Pad2)")
  (net 48 "Net-(R11-Pad2)")
  (net 49 /Safety_Loop_iso)
  (net 50 "Net-(U1-Pad2)")
  (net 51 "Net-(U2-Pad3)")
  (net 52 "Net-(U2-Pad2)")
  (net 53 "Net-(U3-Pad1)")
  (net 54 "Net-(U3-Pad2)")
  (net 55 "Net-(U3-Pad10)")
  (net 56 "Net-(U3-Pad11)")
  (net 57 "Net-(U3-Pad12)")
  (net 58 "Net-(U3-Pad13)")
  (net 59 "Net-(U3-Pad14)")
  (net 60 "Net-(U3-Pad17)")
  (net 61 "Net-(U3-Pad18)")
  (net 62 "Net-(U3-Pad22)")
  (net 63 "Net-(U3-Pad23)")
  (net 64 "Net-(U3-Pad24)")
  (net 65 "Net-(U3-Pad27)")
  (net 66 "Net-(U3-Pad28)")
  (net 67 "Net-(U3-Pad30)")
  (net 68 "Net-(U3-Pad31)")
  (net 69 "Net-(U3-Pad32)")
  (net 70 "Net-(U3-Pad33)")
  (net 71 "Net-(U3-Pad36)")
  (net 72 "Net-(U3-Pad37)")
  (net 73 "Net-(U3-Pad38)")
  (net 74 "Net-(U3-Pad41)")
  (net 75 "Net-(U3-Pad42)")
  (net 76 "Net-(U3-Pad44)")
  (net 77 "Net-(U3-Pad45)")
  (net 78 "Net-(U3-Pad46)")
  (net 79 "Net-(U3-Pad47)")
  (net 80 "Net-(U3-Pad49)")
  (net 81 "Net-(U3-Pad50)")
  (net 82 "Net-(U3-Pad51)")
  (net 83 "Net-(U3-Pad52)")
  (net 84 "Net-(U3-Pad53)")
  (net 85 "Net-(U3-Pad56)")
  (net 86 "Net-(U3-Pad57)")
  (net 87 "Net-(U3-Pad61)")
  (net 88 "Net-(U3-Pad62)")
  (net 89 "Net-(U3-Pad63)")
  (net 90 "Net-(U3-Pad64)")
  (net 91 "Net-(U4-Pad6)")
  (net 92 "Net-(U4-Pad4)")
  (net 93 "Net-(U6-Pad1)")
  (net 94 /PiHat.sch/PI_SPI_SCLK)
  (net 95 "Net-(U6-Pad15)")
  (net 96 "Net-(U6-Pad26)")
  (net 97 /PiHat.sch/PI_SPI_MISO)
  (net 98 /GPIO25)
  (net 99 "Net-(U6-Pad7)")
  (net 100 "Net-(U6-Pad18)")
  (net 101 /PiHat.sch/PI_SPI_MOSI)
  (net 102 /PI_SPI_CEO)
  (net 103 "Net-(U6-Pad8)")
  (net 104 "Net-(U6-Pad17)")
  (net 105 "Net-(U6-Pad28)")
  (net 106 "Net-(U6-Pad32)")
  (net 107 "Net-(U6-Pad10)")
  (net 108 "Net-(U6-Pad13)")
  (net 109 "Net-(U6-Pad11)")
  (net 110 "Net-(U6-Pad12)")
  (net 111 "Net-(U8-Pad3)")
  (net 112 "Net-(U8-Pad4)")
  (net 113 "Net-(U8-Pad5)")
  (net 114 "Net-(U8-Pad6)")
  (net 115 "Net-(U8-Pad10)")
  (net 116 "Net-(U8-Pad11)")

  (net_class Default "This is the default net class."
    (clearance 0.2)
    (trace_width 0.25)
    (via_dia 0.8)
    (via_drill 0.4)
    (uvia_dia 0.3)
    (uvia_drill 0.1)
    (add_net /24V)
    (add_net /24V_rtn)
    (add_net /3.3V)
    (add_net /3.3V_non_iso)
    (add_net /3.3V_rtn)
    (add_net /5V)
    (add_net /5V_non_iso)
    (add_net /AMS_Fault)
    (add_net /BP_CAN+)
    (add_net /BP_CAN-)
    (add_net /Cooling_CTRL)
    (add_net /GLV_SCL)
    (add_net /GLV_SDA)
    (add_net /GPIO25)
    (add_net /PC_ready)
    (add_net /PGEC)
    (add_net /PGED)
    (add_net /PI_SPI_CEO)
    (add_net /PiHat.sch/PI_SPI_MISO)
    (add_net /PiHat.sch/PI_SPI_MOSI)
    (add_net /PiHat.sch/PI_SPI_SCLK)
    (add_net /RTDS_CTRL)
    (add_net /SCL_iso)
    (add_net /SDA_iso)
    (add_net /SR_CTRL)
    (add_net /Safety_Loop)
    (add_net /Safety_Loop_iso)
    (add_net /Throttle_SEL)
    (add_net /~MCLR~)
    (add_net "Net-(C13-Pad2)")
    (add_net "Net-(C16-Pad2)")
    (add_net "Net-(C17-Pad2)")
    (add_net "Net-(C2-Pad1)")
    (add_net "Net-(CR1-Pad4)")
    (add_net "Net-(CR1-Pad5)")
    (add_net "Net-(D1-Pad2)")
    (add_net "Net-(D2-Pad2)")
    (add_net "Net-(D3-Pad2)")
    (add_net "Net-(D4-Pad2)")
    (add_net "Net-(D5-Pad2)")
    (add_net "Net-(D6-Pad2)")
    (add_net "Net-(J1-Pad4)")
    (add_net "Net-(J6-Pad1)")
    (add_net "Net-(J6-Pad2)")
    (add_net "Net-(J6-Pad3)")
    (add_net "Net-(J6-Pad4)")
    (add_net "Net-(J6-Pad5)")
    (add_net "Net-(J6-Pad6)")
    (add_net "Net-(J6-Pad7)")
    (add_net "Net-(J6-Pad8)")
    (add_net "Net-(J8-Pad6)")
    (add_net "Net-(J9-Pad1)")
    (add_net "Net-(R10-Pad2)")
    (add_net "Net-(R11-Pad2)")
    (add_net "Net-(U1-Pad2)")
    (add_net "Net-(U2-Pad2)")
    (add_net "Net-(U2-Pad3)")
    (add_net "Net-(U3-Pad1)")
    (add_net "Net-(U3-Pad10)")
    (add_net "Net-(U3-Pad11)")
    (add_net "Net-(U3-Pad12)")
    (add_net "Net-(U3-Pad13)")
    (add_net "Net-(U3-Pad14)")
    (add_net "Net-(U3-Pad17)")
    (add_net "Net-(U3-Pad18)")
    (add_net "Net-(U3-Pad2)")
    (add_net "Net-(U3-Pad22)")
    (add_net "Net-(U3-Pad23)")
    (add_net "Net-(U3-Pad24)")
    (add_net "Net-(U3-Pad27)")
    (add_net "Net-(U3-Pad28)")
    (add_net "Net-(U3-Pad30)")
    (add_net "Net-(U3-Pad31)")
    (add_net "Net-(U3-Pad32)")
    (add_net "Net-(U3-Pad33)")
    (add_net "Net-(U3-Pad36)")
    (add_net "Net-(U3-Pad37)")
    (add_net "Net-(U3-Pad38)")
    (add_net "Net-(U3-Pad41)")
    (add_net "Net-(U3-Pad42)")
    (add_net "Net-(U3-Pad44)")
    (add_net "Net-(U3-Pad45)")
    (add_net "Net-(U3-Pad46)")
    (add_net "Net-(U3-Pad47)")
    (add_net "Net-(U3-Pad49)")
    (add_net "Net-(U3-Pad50)")
    (add_net "Net-(U3-Pad51)")
    (add_net "Net-(U3-Pad52)")
    (add_net "Net-(U3-Pad53)")
    (add_net "Net-(U3-Pad56)")
    (add_net "Net-(U3-Pad57)")
    (add_net "Net-(U3-Pad61)")
    (add_net "Net-(U3-Pad62)")
    (add_net "Net-(U3-Pad63)")
    (add_net "Net-(U3-Pad64)")
    (add_net "Net-(U4-Pad4)")
    (add_net "Net-(U4-Pad6)")
    (add_net "Net-(U6-Pad1)")
    (add_net "Net-(U6-Pad10)")
    (add_net "Net-(U6-Pad11)")
    (add_net "Net-(U6-Pad12)")
    (add_net "Net-(U6-Pad13)")
    (add_net "Net-(U6-Pad15)")
    (add_net "Net-(U6-Pad17)")
    (add_net "Net-(U6-Pad18)")
    (add_net "Net-(U6-Pad26)")
    (add_net "Net-(U6-Pad28)")
    (add_net "Net-(U6-Pad32)")
    (add_net "Net-(U6-Pad7)")
    (add_net "Net-(U6-Pad8)")
    (add_net "Net-(U8-Pad10)")
    (add_net "Net-(U8-Pad11)")
    (add_net "Net-(U8-Pad3)")
    (add_net "Net-(U8-Pad4)")
    (add_net "Net-(U8-Pad5)")
    (add_net "Net-(U8-Pad6)")
  )

  (module "CarMan General Footprints:Raspberry_Pi_3_B" (layer F.Cu) (tedit 5FBB42DB) (tstamp 5FBB9BB5)
    (at 67.945 125.73)
    (path /5F9FC061)
    (fp_text reference U6 (at 0 0.5) (layer F.SilkS)
      (effects (font (size 1 1) (thickness 0.15)))
    )
    (fp_text value RaspberryPi3 (at 0 -0.5) (layer F.Fab)
      (effects (font (size 1 1) (thickness 0.15)))
    )
    (fp_line (start 20.572867 -23.5948) (end 19.052201 -23.5948) (layer F.SilkS) (width 0.12))
    (fp_line (start 25.2032 -31.3048) (end 25.2032 34.6952) (layer F.SilkS) (width 0.12))
    (fp_line (start -31.7968 34.6952) (end -31.7968 -31.3048) (layer F.SilkS) (width 0.12))
    (fp_line (start 25.2032 34.6952) (end -31.7968 34.6952) (layer F.SilkS) (width 0.12))
    (fp_line (start 23.614199 26.8652) (end 23.6142 -23.5948) (layer F.SilkS) (width 0.12))
    (fp_line (start 19.3032 26.6152) (end 19.3032 -23.3448) (layer F.CrtYd) (width 0.05))
    (fp_line (start 23.6142 -23.5948) (end 22.093533 -23.5948) (layer F.SilkS) (width 0.12))
    (fp_line (start 22.093533 -23.5948) (end 22.093533 -23.2348) (layer F.SilkS) (width 0.12))
    (fp_line (start -31.7968 -31.3048) (end 25.2032 -31.3048) (layer F.SilkS) (width 0.12))
    (fp_line (start 23.3632 26.6152) (end 19.3032 26.6152) (layer F.CrtYd) (width 0.05))
    (fp_line (start 22.093533 -23.2348) (end 20.572867 -23.2348) (layer F.SilkS) (width 0.12))
    (fp_line (start 23.3632 -23.3448) (end 23.3632 26.6152) (layer F.CrtYd) (width 0.05))
    (fp_line (start 19.3032 -23.3448) (end 23.3632 -23.3448) (layer F.CrtYd) (width 0.05))
    (fp_line (start 20.572867 -23.2348) (end 20.572867 -23.5948) (layer F.SilkS) (width 0.12))
    (fp_line (start 19.0522 26.8652) (end 23.614199 26.8652) (layer F.SilkS) (width 0.12))
    (fp_line (start 19.052201 -23.5948) (end 19.0522 26.8652) (layer F.SilkS) (width 0.12))
    (pad 32 thru_hole circle (at 22.5142 -12.3348 270) (size 1.2 1.2) (drill 0.8) (layers *.Cu *.Mask)
      (net 106 "Net-(U6-Pad32)"))
    (pad 24 thru_hole circle (at 22.5142 -2.1748 270) (size 1.2 1.2) (drill 0.8) (layers *.Cu *.Mask)
      (net 102 /PI_SPI_CEO))
    (pad 19 thru_hole circle (at 20.1522 2.9052 270) (size 1.2 1.2) (drill 0.8) (layers *.Cu *.Mask)
      (net 101 /PiHat.sch/PI_SPI_MOSI))
    (pad 39 thru_hole circle (at 20.1522 -22.4948 270) (size 1.2 1.2) (drill 0.8) (layers *.Cu *.Mask)
      (net 2 /3.3V_rtn))
    (pad 37 thru_hole circle (at 20.1522 -19.9548 270) (size 1.2 1.2) (drill 0.8) (layers *.Cu *.Mask)
      (net 34 "Net-(J6-Pad4)"))
    (pad 28 thru_hole circle (at 22.5142 -7.2548 270) (size 1.2 1.2) (drill 0.8) (layers *.Cu *.Mask)
      (net 105 "Net-(U6-Pad28)"))
    (pad 30 thru_hole circle (at 22.5142 -9.7948 270) (size 1.2 1.2) (drill 0.8) (layers *.Cu *.Mask)
      (net 2 /3.3V_rtn))
    (pad 23 thru_hole circle (at 20.1522 -2.1748 270) (size 1.2 1.2) (drill 0.8) (layers *.Cu *.Mask)
      (net 94 /PiHat.sch/PI_SPI_SCLK))
    (pad 22 thru_hole circle (at 22.5142 0.3652 270) (size 1.2 1.2) (drill 0.8) (layers *.Cu *.Mask)
      (net 98 /GPIO25))
    (pad 21 thru_hole circle (at 20.1522 0.3652 270) (size 1.2 1.2) (drill 0.8) (layers *.Cu *.Mask)
      (net 97 /PiHat.sch/PI_SPI_MISO))
    (pad 20 thru_hole circle (at 22.5142 2.9052 270) (size 1.2 1.2) (drill 0.8) (layers *.Cu *.Mask)
      (net 2 /3.3V_rtn))
    (pad 40 thru_hole circle (at 22.5142 -22.4948 270) (size 1.2 1.2) (drill 0.8) (layers *.Cu *.Mask)
      (net 33 "Net-(J6-Pad3)"))
    (pad 29 thru_hole circle (at 20.1522 -9.7948 270) (size 1.2 1.2) (drill 0.8) (layers *.Cu *.Mask)
      (net 37 "Net-(J6-Pad7)"))
    (pad 35 thru_hole circle (at 20.1522 -17.4148 270) (size 1.2 1.2) (drill 0.8) (layers *.Cu *.Mask)
      (net 35 "Net-(J6-Pad5)"))
    (pad 18 thru_hole circle (at 22.5142 5.4452 270) (size 1.2 1.2) (drill 0.8) (layers *.Cu *.Mask)
      (net 100 "Net-(U6-Pad18)"))
    (pad 27 thru_hole circle (at 20.1522 -7.2548 270) (size 1.2 1.2) (drill 0.8) (layers *.Cu *.Mask)
      (net 38 "Net-(J6-Pad8)"))
    (pad 38 thru_hole circle (at 22.5142 -19.9548 270) (size 1.2 1.2) (drill 0.8) (layers *.Cu *.Mask)
      (net 32 "Net-(J6-Pad2)"))
    (pad 34 thru_hole circle (at 22.5142 -14.8748 270) (size 1.2 1.2) (drill 0.8) (layers *.Cu *.Mask)
      (net 2 /3.3V_rtn))
    (pad 33 thru_hole circle (at 20.1522 -14.8748 270) (size 1.2 1.2) (drill 0.8) (layers *.Cu *.Mask)
      (net 36 "Net-(J6-Pad6)"))
    (pad 26 thru_hole circle (at 22.5142 -4.7148 270) (size 1.2 1.2) (drill 0.8) (layers *.Cu *.Mask)
      (net 96 "Net-(U6-Pad26)"))
    (pad 31 thru_hole circle (at 20.1522 -12.3348 270) (size 1.2 1.2) (drill 0.8) (layers *.Cu *.Mask)
      (net 29 /SR_CTRL))
    (pad 36 thru_hole circle (at 22.5142 -17.4148 270) (size 1.2 1.2) (drill 0.8) (layers *.Cu *.Mask)
      (net 31 "Net-(J6-Pad1)"))
    (pad 25 thru_hole circle (at 20.1522 -4.7148 270) (size 1.2 1.2) (drill 0.8) (layers *.Cu *.Mask)
      (net 2 /3.3V_rtn))
    (pad 11 thru_hole circle (at 20.1522 13.0652 270) (size 1.2 1.2) (drill 0.8) (layers *.Cu *.Mask)
      (net 109 "Net-(U6-Pad11)"))
    (pad 44 thru_hole circle (at -27.7078 30.7532 270) (size 5 5) (drill 3) (layers *.Cu *.Mask))
    (pad 2 thru_hole circle (at 22.5142 25.7652 270) (size 1.2 1.2) (drill 0.8) (layers *.Cu *.Mask)
      (net 7 /5V))
    (pad 4 thru_hole circle (at 22.5142 23.2252 270) (size 1.2 1.2) (drill 0.8) (layers *.Cu *.Mask)
      (net 7 /5V))
    (pad 1 thru_hole circle (at 20.1522 25.7652 270) (size 1.2 1.2) (drill 0.8) (layers *.Cu *.Mask)
      (net 93 "Net-(U6-Pad1)"))
    (pad 13 thru_hole circle (at 20.1522 10.5252 270) (size 1.2 1.2) (drill 0.8) (layers *.Cu *.Mask)
      (net 108 "Net-(U6-Pad13)"))
    (pad 9 thru_hole circle (at 20.1522 15.6052 270) (size 1.2 1.2) (drill 0.8) (layers *.Cu *.Mask)
      (net 2 /3.3V_rtn))
    (pad 14 thru_hole circle (at 22.5142 10.5252 270) (size 1.2 1.2) (drill 0.8) (layers *.Cu *.Mask)
      (net 2 /3.3V_rtn))
    (pad 43 thru_hole circle (at -27.7078 -27.2468 270) (size 5 5) (drill 3) (layers *.Cu *.Mask))
    (pad 17 thru_hole circle (at 20.1522 5.4452 270) (size 1.2 1.2) (drill 0.8) (layers *.Cu *.Mask)
      (net 104 "Net-(U6-Pad17)"))
    (pad 41 thru_hole circle (at 21.2922 -27.2468 270) (size 5 5) (drill 3) (layers *.Cu *.Mask))
    (pad 6 thru_hole circle (at 22.5142 20.6852 270) (size 1.2 1.2) (drill 0.8) (layers *.Cu *.Mask)
      (net 2 /3.3V_rtn))
    (pad 7 thru_hole circle (at 20.1522 18.1452 270) (size 1.2 1.2) (drill 0.8) (layers *.Cu *.Mask)
      (net 99 "Net-(U6-Pad7)"))
    (pad 10 thru_hole circle (at 22.5142 15.6052 270) (size 1.2 1.2) (drill 0.8) (layers *.Cu *.Mask)
      (net 107 "Net-(U6-Pad10)"))
    (pad 8 thru_hole circle (at 22.5142 18.1452 270) (size 1.2 1.2) (drill 0.8) (layers *.Cu *.Mask)
      (net 103 "Net-(U6-Pad8)"))
    (pad 42 thru_hole circle (at 21.2922 30.7532 270) (size 5 5) (drill 3) (layers *.Cu *.Mask))
    (pad 12 thru_hole circle (at 22.5142 13.0652 270) (size 1.2 1.2) (drill 0.8) (layers *.Cu *.Mask)
      (net 110 "Net-(U6-Pad12)"))
    (pad 3 thru_hole circle (at 20.1522 23.2252 270) (size 1.2 1.2) (drill 0.8) (layers *.Cu *.Mask)
      (net 44 /SDA_iso))
    (pad 5 thru_hole circle (at 20.1522 20.6852 270) (size 1.2 1.2) (drill 0.8) (layers *.Cu *.Mask)
      (net 45 /SCL_iso))
    (pad 15 thru_hole circle (at 20.1522 7.9852 270) (size 1.2 1.2) (drill 0.8) (layers *.Cu *.Mask)
      (net 95 "Net-(U6-Pad15)"))
    (pad 16 thru_hole circle (at 22.5142 7.9852 270) (size 1.2 1.2) (drill 0.8) (layers *.Cu *.Mask)
      (net 49 /Safety_Loop_iso))
  )

  (module Capacitor_SMD:C_0805_2012Metric_Pad1.15x1.40mm_HandSolder (layer F.Cu) (tedit 5B36C52B) (tstamp 5FBB964C)
    (at 261.62 84.065 270)
    (descr "Capacitor SMD 0805 (2012 Metric), square (rectangular) end terminal, IPC_7351 nominal with elongated pad for handsoldering. (Body size source: https://docs.google.com/spreadsheets/d/1BsfQQcO9C6DZCsRaXUlFlo91Tg2WpOkGARC1WS5S8t0/edit?usp=sharing), generated with kicad-footprint-generator")
    (tags "capacitor handsolder")
    (path /5F9A7CF0/5FADAB07)
    (attr smd)
    (fp_text reference C1 (at 0 -1.65 90) (layer F.SilkS)
      (effects (font (size 1 1) (thickness 0.15)))
    )
    (fp_text value 0.1uF (at 0 1.65 90) (layer F.Fab)
      (effects (font (size 1 1) (thickness 0.15)))
    )
    (fp_line (start -1 0.6) (end -1 -0.6) (layer F.Fab) (width 0.1))
    (fp_line (start -1 -0.6) (end 1 -0.6) (layer F.Fab) (width 0.1))
    (fp_line (start 1 -0.6) (end 1 0.6) (layer F.Fab) (width 0.1))
    (fp_line (start 1 0.6) (end -1 0.6) (layer F.Fab) (width 0.1))
    (fp_line (start -0.261252 -0.71) (end 0.261252 -0.71) (layer F.SilkS) (width 0.12))
    (fp_line (start -0.261252 0.71) (end 0.261252 0.71) (layer F.SilkS) (width 0.12))
    (fp_line (start -1.85 0.95) (end -1.85 -0.95) (layer F.CrtYd) (width 0.05))
    (fp_line (start -1.85 -0.95) (end 1.85 -0.95) (layer F.CrtYd) (width 0.05))
    (fp_line (start 1.85 -0.95) (end 1.85 0.95) (layer F.CrtYd) (width 0.05))
    (fp_line (start 1.85 0.95) (end -1.85 0.95) (layer F.CrtYd) (width 0.05))
    (fp_text user %R (at 0 0 90) (layer F.Fab)
      (effects (font (size 0.5 0.5) (thickness 0.08)))
    )
    (pad 1 smd roundrect (at -1.025 0 270) (size 1.15 1.4) (layers F.Cu F.Paste F.Mask) (roundrect_rratio 0.217391)
      (net 1 /5V_non_iso))
    (pad 2 smd roundrect (at 1.025 0 270) (size 1.15 1.4) (layers F.Cu F.Paste F.Mask) (roundrect_rratio 0.217391)
      (net 4 /24V_rtn))
    (model ${KISYS3DMOD}/Capacitor_SMD.3dshapes/C_0805_2012Metric.wrl
      (at (xyz 0 0 0))
      (scale (xyz 1 1 1))
      (rotate (xyz 0 0 0))
    )
  )

  (module Capacitor_SMD:C_0805_2012Metric_Pad1.15x1.40mm_HandSolder (layer F.Cu) (tedit 5B36C52B) (tstamp 5FBB965D)
    (at 144.145 78.985 270)
    (descr "Capacitor SMD 0805 (2012 Metric), square (rectangular) end terminal, IPC_7351 nominal with elongated pad for handsoldering. (Body size source: https://docs.google.com/spreadsheets/d/1BsfQQcO9C6DZCsRaXUlFlo91Tg2WpOkGARC1WS5S8t0/edit?usp=sharing), generated with kicad-footprint-generator")
    (tags "capacitor handsolder")
    (path /5FB9037B)
    (attr smd)
    (fp_text reference C2 (at -0.245 1.905 90) (layer F.SilkS)
      (effects (font (size 1 1) (thickness 0.15)))
    )
    (fp_text value 0.1uF (at 0 1.65 90) (layer F.Fab)
      (effects (font (size 1 1) (thickness 0.15)))
    )
    (fp_line (start 1.85 0.95) (end -1.85 0.95) (layer F.CrtYd) (width 0.05))
    (fp_line (start 1.85 -0.95) (end 1.85 0.95) (layer F.CrtYd) (width 0.05))
    (fp_line (start -1.85 -0.95) (end 1.85 -0.95) (layer F.CrtYd) (width 0.05))
    (fp_line (start -1.85 0.95) (end -1.85 -0.95) (layer F.CrtYd) (width 0.05))
    (fp_line (start -0.261252 0.71) (end 0.261252 0.71) (layer F.SilkS) (width 0.12))
    (fp_line (start -0.261252 -0.71) (end 0.261252 -0.71) (layer F.SilkS) (width 0.12))
    (fp_line (start 1 0.6) (end -1 0.6) (layer F.Fab) (width 0.1))
    (fp_line (start 1 -0.6) (end 1 0.6) (layer F.Fab) (width 0.1))
    (fp_line (start -1 -0.6) (end 1 -0.6) (layer F.Fab) (width 0.1))
    (fp_line (start -1 0.6) (end -1 -0.6) (layer F.Fab) (width 0.1))
    (fp_text user %R (at 0 0 90) (layer F.Fab)
      (effects (font (size 0.5 0.5) (thickness 0.08)))
    )
    (pad 2 smd roundrect (at 1.025 0 270) (size 1.15 1.4) (layers F.Cu F.Paste F.Mask) (roundrect_rratio 0.217391)
      (net 2 /3.3V_rtn))
    (pad 1 smd roundrect (at -1.025 0 270) (size 1.15 1.4) (layers F.Cu F.Paste F.Mask) (roundrect_rratio 0.217391)
      (net 3 "Net-(C2-Pad1)"))
    (model ${KISYS3DMOD}/Capacitor_SMD.3dshapes/C_0805_2012Metric.wrl
      (at (xyz 0 0 0))
      (scale (xyz 1 1 1))
      (rotate (xyz 0 0 0))
    )
  )

  (module Capacitor_SMD:C_0805_2012Metric_Pad1.15x1.40mm_HandSolder (layer B.Cu) (tedit 5B36C52B) (tstamp 5FBB966E)
    (at 107.315 26.67 270)
    (descr "Capacitor SMD 0805 (2012 Metric), square (rectangular) end terminal, IPC_7351 nominal with elongated pad for handsoldering. (Body size source: https://docs.google.com/spreadsheets/d/1BsfQQcO9C6DZCsRaXUlFlo91Tg2WpOkGARC1WS5S8t0/edit?usp=sharing), generated with kicad-footprint-generator")
    (tags "capacitor handsolder")
    (path /5FAD1CB8/5FAFCFBF)
    (attr smd)
    (fp_text reference C3 (at 0 1.65 270) (layer B.SilkS)
      (effects (font (size 1 1) (thickness 0.15)) (justify mirror))
    )
    (fp_text value 0.1uF (at 0 -1.65 270) (layer B.Fab)
      (effects (font (size 1 1) (thickness 0.15)) (justify mirror))
    )
    (fp_line (start 1.85 -0.95) (end -1.85 -0.95) (layer B.CrtYd) (width 0.05))
    (fp_line (start 1.85 0.95) (end 1.85 -0.95) (layer B.CrtYd) (width 0.05))
    (fp_line (start -1.85 0.95) (end 1.85 0.95) (layer B.CrtYd) (width 0.05))
    (fp_line (start -1.85 -0.95) (end -1.85 0.95) (layer B.CrtYd) (width 0.05))
    (fp_line (start -0.261252 -0.71) (end 0.261252 -0.71) (layer B.SilkS) (width 0.12))
    (fp_line (start -0.261252 0.71) (end 0.261252 0.71) (layer B.SilkS) (width 0.12))
    (fp_line (start 1 -0.6) (end -1 -0.6) (layer B.Fab) (width 0.1))
    (fp_line (start 1 0.6) (end 1 -0.6) (layer B.Fab) (width 0.1))
    (fp_line (start -1 0.6) (end 1 0.6) (layer B.Fab) (width 0.1))
    (fp_line (start -1 -0.6) (end -1 0.6) (layer B.Fab) (width 0.1))
    (fp_text user %R (at 0 0 270) (layer B.Fab)
      (effects (font (size 0.5 0.5) (thickness 0.08)) (justify mirror))
    )
    (pad 2 smd roundrect (at 1.025 0 270) (size 1.15 1.4) (layers B.Cu B.Paste B.Mask) (roundrect_rratio 0.217391)
      (net 4 /24V_rtn))
    (pad 1 smd roundrect (at -1.025 0 270) (size 1.15 1.4) (layers B.Cu B.Paste B.Mask) (roundrect_rratio 0.217391)
      (net 5 /24V))
    (model ${KISYS3DMOD}/Capacitor_SMD.3dshapes/C_0805_2012Metric.wrl
      (at (xyz 0 0 0))
      (scale (xyz 1 1 1))
      (rotate (xyz 0 0 0))
    )
  )

  (module Capacitor_SMD:C_0805_2012Metric_Pad1.15x1.40mm_HandSolder (layer F.Cu) (tedit 5B36C52B) (tstamp 5FBB967F)
    (at 180.34 81.035 90)
    (descr "Capacitor SMD 0805 (2012 Metric), square (rectangular) end terminal, IPC_7351 nominal with elongated pad for handsoldering. (Body size source: https://docs.google.com/spreadsheets/d/1BsfQQcO9C6DZCsRaXUlFlo91Tg2WpOkGARC1WS5S8t0/edit?usp=sharing), generated with kicad-footprint-generator")
    (tags "capacitor handsolder")
    (path /5FB9045B)
    (attr smd)
    (fp_text reference C4 (at -2.785 0 90) (layer F.SilkS)
      (effects (font (size 1 1) (thickness 0.15)))
    )
    (fp_text value 0.1u (at 0 1.65 90) (layer F.Fab)
      (effects (font (size 1 1) (thickness 0.15)))
    )
    (fp_line (start 1.85 0.95) (end -1.85 0.95) (layer F.CrtYd) (width 0.05))
    (fp_line (start 1.85 -0.95) (end 1.85 0.95) (layer F.CrtYd) (width 0.05))
    (fp_line (start -1.85 -0.95) (end 1.85 -0.95) (layer F.CrtYd) (width 0.05))
    (fp_line (start -1.85 0.95) (end -1.85 -0.95) (layer F.CrtYd) (width 0.05))
    (fp_line (start -0.261252 0.71) (end 0.261252 0.71) (layer F.SilkS) (width 0.12))
    (fp_line (start -0.261252 -0.71) (end 0.261252 -0.71) (layer F.SilkS) (width 0.12))
    (fp_line (start 1 0.6) (end -1 0.6) (layer F.Fab) (width 0.1))
    (fp_line (start 1 -0.6) (end 1 0.6) (layer F.Fab) (width 0.1))
    (fp_line (start -1 -0.6) (end 1 -0.6) (layer F.Fab) (width 0.1))
    (fp_line (start -1 0.6) (end -1 -0.6) (layer F.Fab) (width 0.1))
    (fp_text user %R (at 0 0 90) (layer F.Fab)
      (effects (font (size 0.5 0.5) (thickness 0.08)))
    )
    (pad 2 smd roundrect (at 1.025 0 90) (size 1.15 1.4) (layers F.Cu F.Paste F.Mask) (roundrect_rratio 0.217391)
      (net 6 /3.3V))
    (pad 1 smd roundrect (at -1.025 0 90) (size 1.15 1.4) (layers F.Cu F.Paste F.Mask) (roundrect_rratio 0.217391)
      (net 2 /3.3V_rtn))
    (model ${KISYS3DMOD}/Capacitor_SMD.3dshapes/C_0805_2012Metric.wrl
      (at (xyz 0 0 0))
      (scale (xyz 1 1 1))
      (rotate (xyz 0 0 0))
    )
  )

  (module Capacitor_SMD:C_0805_2012Metric_Pad1.15x1.40mm_HandSolder (layer B.Cu) (tedit 5B36C52B) (tstamp 5FBB9690)
    (at 86.995 26.915 270)
    (descr "Capacitor SMD 0805 (2012 Metric), square (rectangular) end terminal, IPC_7351 nominal with elongated pad for handsoldering. (Body size source: https://docs.google.com/spreadsheets/d/1BsfQQcO9C6DZCsRaXUlFlo91Tg2WpOkGARC1WS5S8t0/edit?usp=sharing), generated with kicad-footprint-generator")
    (tags "capacitor handsolder")
    (path /5FAD1CB8/5FAF6616)
    (attr smd)
    (fp_text reference C5 (at 0 1.65 90) (layer B.SilkS)
      (effects (font (size 1 1) (thickness 0.15)) (justify mirror))
    )
    (fp_text value 0.1uF (at 0 -1.65 90) (layer B.Fab)
      (effects (font (size 1 1) (thickness 0.15)) (justify mirror))
    )
    (fp_line (start 1.85 -0.95) (end -1.85 -0.95) (layer B.CrtYd) (width 0.05))
    (fp_line (start 1.85 0.95) (end 1.85 -0.95) (layer B.CrtYd) (width 0.05))
    (fp_line (start -1.85 0.95) (end 1.85 0.95) (layer B.CrtYd) (width 0.05))
    (fp_line (start -1.85 -0.95) (end -1.85 0.95) (layer B.CrtYd) (width 0.05))
    (fp_line (start -0.261252 -0.71) (end 0.261252 -0.71) (layer B.SilkS) (width 0.12))
    (fp_line (start -0.261252 0.71) (end 0.261252 0.71) (layer B.SilkS) (width 0.12))
    (fp_line (start 1 -0.6) (end -1 -0.6) (layer B.Fab) (width 0.1))
    (fp_line (start 1 0.6) (end 1 -0.6) (layer B.Fab) (width 0.1))
    (fp_line (start -1 0.6) (end 1 0.6) (layer B.Fab) (width 0.1))
    (fp_line (start -1 -0.6) (end -1 0.6) (layer B.Fab) (width 0.1))
    (fp_text user %R (at 0 0 90) (layer B.Fab)
      (effects (font (size 0.5 0.5) (thickness 0.08)) (justify mirror))
    )
    (pad 2 smd roundrect (at 1.025 0 270) (size 1.15 1.4) (layers B.Cu B.Paste B.Mask) (roundrect_rratio 0.217391)
      (net 2 /3.3V_rtn))
    (pad 1 smd roundrect (at -1.025 0 270) (size 1.15 1.4) (layers B.Cu B.Paste B.Mask) (roundrect_rratio 0.217391)
      (net 7 /5V))
    (model ${KISYS3DMOD}/Capacitor_SMD.3dshapes/C_0805_2012Metric.wrl
      (at (xyz 0 0 0))
      (scale (xyz 1 1 1))
      (rotate (xyz 0 0 0))
    )
  )

  (module Capacitor_SMD:C_0805_2012Metric_Pad1.15x1.40mm_HandSolder (layer F.Cu) (tedit 5B36C52B) (tstamp 5FBB96A1)
    (at 182.88 81.035 90)
    (descr "Capacitor SMD 0805 (2012 Metric), square (rectangular) end terminal, IPC_7351 nominal with elongated pad for handsoldering. (Body size source: https://docs.google.com/spreadsheets/d/1BsfQQcO9C6DZCsRaXUlFlo91Tg2WpOkGARC1WS5S8t0/edit?usp=sharing), generated with kicad-footprint-generator")
    (tags "capacitor handsolder")
    (path /5FB90455)
    (attr smd)
    (fp_text reference C6 (at -2.785 0 90) (layer F.SilkS)
      (effects (font (size 1 1) (thickness 0.15)))
    )
    (fp_text value 0.1u (at 0 1.65 90) (layer F.Fab)
      (effects (font (size 1 1) (thickness 0.15)))
    )
    (fp_line (start 1.85 0.95) (end -1.85 0.95) (layer F.CrtYd) (width 0.05))
    (fp_line (start 1.85 -0.95) (end 1.85 0.95) (layer F.CrtYd) (width 0.05))
    (fp_line (start -1.85 -0.95) (end 1.85 -0.95) (layer F.CrtYd) (width 0.05))
    (fp_line (start -1.85 0.95) (end -1.85 -0.95) (layer F.CrtYd) (width 0.05))
    (fp_line (start -0.261252 0.71) (end 0.261252 0.71) (layer F.SilkS) (width 0.12))
    (fp_line (start -0.261252 -0.71) (end 0.261252 -0.71) (layer F.SilkS) (width 0.12))
    (fp_line (start 1 0.6) (end -1 0.6) (layer F.Fab) (width 0.1))
    (fp_line (start 1 -0.6) (end 1 0.6) (layer F.Fab) (width 0.1))
    (fp_line (start -1 -0.6) (end 1 -0.6) (layer F.Fab) (width 0.1))
    (fp_line (start -1 0.6) (end -1 -0.6) (layer F.Fab) (width 0.1))
    (fp_text user %R (at 0 0 90) (layer F.Fab)
      (effects (font (size 0.5 0.5) (thickness 0.08)))
    )
    (pad 2 smd roundrect (at 1.025 0 90) (size 1.15 1.4) (layers F.Cu F.Paste F.Mask) (roundrect_rratio 0.217391)
      (net 6 /3.3V))
    (pad 1 smd roundrect (at -1.025 0 90) (size 1.15 1.4) (layers F.Cu F.Paste F.Mask) (roundrect_rratio 0.217391)
      (net 2 /3.3V_rtn))
    (model ${KISYS3DMOD}/Capacitor_SMD.3dshapes/C_0805_2012Metric.wrl
      (at (xyz 0 0 0))
      (scale (xyz 1 1 1))
      (rotate (xyz 0 0 0))
    )
  )

  (module Capacitor_SMD:C_0805_2012Metric_Pad1.15x1.40mm_HandSolder (layer F.Cu) (tedit 5B36C52B) (tstamp 5FBB96B2)
    (at 175.26 80.89 90)
    (descr "Capacitor SMD 0805 (2012 Metric), square (rectangular) end terminal, IPC_7351 nominal with elongated pad for handsoldering. (Body size source: https://docs.google.com/spreadsheets/d/1BsfQQcO9C6DZCsRaXUlFlo91Tg2WpOkGARC1WS5S8t0/edit?usp=sharing), generated with kicad-footprint-generator")
    (tags "capacitor handsolder")
    (path /5FB9044F)
    (attr smd)
    (fp_text reference C7 (at -2.93 0 90) (layer F.SilkS)
      (effects (font (size 1 1) (thickness 0.15)))
    )
    (fp_text value 0.1u (at 0 1.65 90) (layer F.Fab)
      (effects (font (size 1 1) (thickness 0.15)))
    )
    (fp_line (start 1.85 0.95) (end -1.85 0.95) (layer F.CrtYd) (width 0.05))
    (fp_line (start 1.85 -0.95) (end 1.85 0.95) (layer F.CrtYd) (width 0.05))
    (fp_line (start -1.85 -0.95) (end 1.85 -0.95) (layer F.CrtYd) (width 0.05))
    (fp_line (start -1.85 0.95) (end -1.85 -0.95) (layer F.CrtYd) (width 0.05))
    (fp_line (start -0.261252 0.71) (end 0.261252 0.71) (layer F.SilkS) (width 0.12))
    (fp_line (start -0.261252 -0.71) (end 0.261252 -0.71) (layer F.SilkS) (width 0.12))
    (fp_line (start 1 0.6) (end -1 0.6) (layer F.Fab) (width 0.1))
    (fp_line (start 1 -0.6) (end 1 0.6) (layer F.Fab) (width 0.1))
    (fp_line (start -1 -0.6) (end 1 -0.6) (layer F.Fab) (width 0.1))
    (fp_line (start -1 0.6) (end -1 -0.6) (layer F.Fab) (width 0.1))
    (fp_text user %R (at 0 0 90) (layer F.Fab)
      (effects (font (size 0.5 0.5) (thickness 0.08)))
    )
    (pad 2 smd roundrect (at 1.025 0 90) (size 1.15 1.4) (layers F.Cu F.Paste F.Mask) (roundrect_rratio 0.217391)
      (net 6 /3.3V))
    (pad 1 smd roundrect (at -1.025 0 90) (size 1.15 1.4) (layers F.Cu F.Paste F.Mask) (roundrect_rratio 0.217391)
      (net 2 /3.3V_rtn))
    (model ${KISYS3DMOD}/Capacitor_SMD.3dshapes/C_0805_2012Metric.wrl
      (at (xyz 0 0 0))
      (scale (xyz 1 1 1))
      (rotate (xyz 0 0 0))
    )
  )

  (module Capacitor_SMD:C_0805_2012Metric_Pad1.15x1.40mm_HandSolder (layer F.Cu) (tedit 5B36C52B) (tstamp 5FBB96C3)
    (at 177.8 81.035 90)
    (descr "Capacitor SMD 0805 (2012 Metric), square (rectangular) end terminal, IPC_7351 nominal with elongated pad for handsoldering. (Body size source: https://docs.google.com/spreadsheets/d/1BsfQQcO9C6DZCsRaXUlFlo91Tg2WpOkGARC1WS5S8t0/edit?usp=sharing), generated with kicad-footprint-generator")
    (tags "capacitor handsolder")
    (path /5FB90449)
    (attr smd)
    (fp_text reference C8 (at -2.785 0 90) (layer F.SilkS)
      (effects (font (size 1 1) (thickness 0.15)))
    )
    (fp_text value 0.1u (at 0 1.65 90) (layer F.Fab)
      (effects (font (size 1 1) (thickness 0.15)))
    )
    (fp_line (start 1.85 0.95) (end -1.85 0.95) (layer F.CrtYd) (width 0.05))
    (fp_line (start 1.85 -0.95) (end 1.85 0.95) (layer F.CrtYd) (width 0.05))
    (fp_line (start -1.85 -0.95) (end 1.85 -0.95) (layer F.CrtYd) (width 0.05))
    (fp_line (start -1.85 0.95) (end -1.85 -0.95) (layer F.CrtYd) (width 0.05))
    (fp_line (start -0.261252 0.71) (end 0.261252 0.71) (layer F.SilkS) (width 0.12))
    (fp_line (start -0.261252 -0.71) (end 0.261252 -0.71) (layer F.SilkS) (width 0.12))
    (fp_line (start 1 0.6) (end -1 0.6) (layer F.Fab) (width 0.1))
    (fp_line (start 1 -0.6) (end 1 0.6) (layer F.Fab) (width 0.1))
    (fp_line (start -1 -0.6) (end 1 -0.6) (layer F.Fab) (width 0.1))
    (fp_line (start -1 0.6) (end -1 -0.6) (layer F.Fab) (width 0.1))
    (fp_text user %R (at 0 0 90) (layer F.Fab)
      (effects (font (size 0.5 0.5) (thickness 0.08)))
    )
    (pad 2 smd roundrect (at 1.025 0 90) (size 1.15 1.4) (layers F.Cu F.Paste F.Mask) (roundrect_rratio 0.217391)
      (net 6 /3.3V))
    (pad 1 smd roundrect (at -1.025 0 90) (size 1.15 1.4) (layers F.Cu F.Paste F.Mask) (roundrect_rratio 0.217391)
      (net 2 /3.3V_rtn))
    (model ${KISYS3DMOD}/Capacitor_SMD.3dshapes/C_0805_2012Metric.wrl
      (at (xyz 0 0 0))
      (scale (xyz 1 1 1))
      (rotate (xyz 0 0 0))
    )
  )

  (module Capacitor_SMD:C_0805_2012Metric_Pad1.15x1.40mm_HandSolder (layer F.Cu) (tedit 5B36C52B) (tstamp 5FBB96D4)
    (at 172.72 80.89 90)
    (descr "Capacitor SMD 0805 (2012 Metric), square (rectangular) end terminal, IPC_7351 nominal with elongated pad for handsoldering. (Body size source: https://docs.google.com/spreadsheets/d/1BsfQQcO9C6DZCsRaXUlFlo91Tg2WpOkGARC1WS5S8t0/edit?usp=sharing), generated with kicad-footprint-generator")
    (tags "capacitor handsolder")
    (path /5FB90443)
    (attr smd)
    (fp_text reference C9 (at -2.93 0 90) (layer F.SilkS)
      (effects (font (size 1 1) (thickness 0.15)))
    )
    (fp_text value 0.1u (at 0 1.65 90) (layer F.Fab)
      (effects (font (size 1 1) (thickness 0.15)))
    )
    (fp_line (start 1.85 0.95) (end -1.85 0.95) (layer F.CrtYd) (width 0.05))
    (fp_line (start 1.85 -0.95) (end 1.85 0.95) (layer F.CrtYd) (width 0.05))
    (fp_line (start -1.85 -0.95) (end 1.85 -0.95) (layer F.CrtYd) (width 0.05))
    (fp_line (start -1.85 0.95) (end -1.85 -0.95) (layer F.CrtYd) (width 0.05))
    (fp_line (start -0.261252 0.71) (end 0.261252 0.71) (layer F.SilkS) (width 0.12))
    (fp_line (start -0.261252 -0.71) (end 0.261252 -0.71) (layer F.SilkS) (width 0.12))
    (fp_line (start 1 0.6) (end -1 0.6) (layer F.Fab) (width 0.1))
    (fp_line (start 1 -0.6) (end 1 0.6) (layer F.Fab) (width 0.1))
    (fp_line (start -1 -0.6) (end 1 -0.6) (layer F.Fab) (width 0.1))
    (fp_line (start -1 0.6) (end -1 -0.6) (layer F.Fab) (width 0.1))
    (fp_text user %R (at 0 0 90) (layer F.Fab)
      (effects (font (size 0.5 0.5) (thickness 0.08)))
    )
    (pad 2 smd roundrect (at 1.025 0 90) (size 1.15 1.4) (layers F.Cu F.Paste F.Mask) (roundrect_rratio 0.217391)
      (net 6 /3.3V))
    (pad 1 smd roundrect (at -1.025 0 90) (size 1.15 1.4) (layers F.Cu F.Paste F.Mask) (roundrect_rratio 0.217391)
      (net 2 /3.3V_rtn))
    (model ${KISYS3DMOD}/Capacitor_SMD.3dshapes/C_0805_2012Metric.wrl
      (at (xyz 0 0 0))
      (scale (xyz 1 1 1))
      (rotate (xyz 0 0 0))
    )
  )

  (module Capacitor_SMD:C_0805_2012Metric_Pad1.15x1.40mm_HandSolder (layer F.Cu) (tedit 5B36C52B) (tstamp 5FBB96E5)
    (at 185.42 80.89 270)
    (descr "Capacitor SMD 0805 (2012 Metric), square (rectangular) end terminal, IPC_7351 nominal with elongated pad for handsoldering. (Body size source: https://docs.google.com/spreadsheets/d/1BsfQQcO9C6DZCsRaXUlFlo91Tg2WpOkGARC1WS5S8t0/edit?usp=sharing), generated with kicad-footprint-generator")
    (tags "capacitor handsolder")
    (path /5FB903DA)
    (attr smd)
    (fp_text reference C10 (at 3.565 0 90) (layer F.SilkS)
      (effects (font (size 1 1) (thickness 0.15)))
    )
    (fp_text value 0.1uF (at 0 1.65 90) (layer F.Fab)
      (effects (font (size 1 1) (thickness 0.15)))
    )
    (fp_line (start -1 0.6) (end -1 -0.6) (layer F.Fab) (width 0.1))
    (fp_line (start -1 -0.6) (end 1 -0.6) (layer F.Fab) (width 0.1))
    (fp_line (start 1 -0.6) (end 1 0.6) (layer F.Fab) (width 0.1))
    (fp_line (start 1 0.6) (end -1 0.6) (layer F.Fab) (width 0.1))
    (fp_line (start -0.261252 -0.71) (end 0.261252 -0.71) (layer F.SilkS) (width 0.12))
    (fp_line (start -0.261252 0.71) (end 0.261252 0.71) (layer F.SilkS) (width 0.12))
    (fp_line (start -1.85 0.95) (end -1.85 -0.95) (layer F.CrtYd) (width 0.05))
    (fp_line (start -1.85 -0.95) (end 1.85 -0.95) (layer F.CrtYd) (width 0.05))
    (fp_line (start 1.85 -0.95) (end 1.85 0.95) (layer F.CrtYd) (width 0.05))
    (fp_line (start 1.85 0.95) (end -1.85 0.95) (layer F.CrtYd) (width 0.05))
    (fp_text user %R (at 0 0 90) (layer F.Fab)
      (effects (font (size 0.5 0.5) (thickness 0.08)))
    )
    (pad 1 smd roundrect (at -1.025 0 270) (size 1.15 1.4) (layers F.Cu F.Paste F.Mask) (roundrect_rratio 0.217391)
      (net 6 /3.3V))
    (pad 2 smd roundrect (at 1.025 0 270) (size 1.15 1.4) (layers F.Cu F.Paste F.Mask) (roundrect_rratio 0.217391)
      (net 2 /3.3V_rtn))
    (model ${KISYS3DMOD}/Capacitor_SMD.3dshapes/C_0805_2012Metric.wrl
      (at (xyz 0 0 0))
      (scale (xyz 1 1 1))
      (rotate (xyz 0 0 0))
    )
  )

  (module Capacitor_SMD:C_0805_2012Metric_Pad1.15x1.40mm_HandSolder (layer F.Cu) (tedit 5B36C52B) (tstamp 5FBB96F6)
    (at 145.415 61.205 270)
    (descr "Capacitor SMD 0805 (2012 Metric), square (rectangular) end terminal, IPC_7351 nominal with elongated pad for handsoldering. (Body size source: https://docs.google.com/spreadsheets/d/1BsfQQcO9C6DZCsRaXUlFlo91Tg2WpOkGARC1WS5S8t0/edit?usp=sharing), generated with kicad-footprint-generator")
    (tags "capacitor handsolder")
    (path /5FA132AF)
    (attr smd)
    (fp_text reference C11 (at 0 -1.65 90) (layer F.SilkS)
      (effects (font (size 1 1) (thickness 0.15)))
    )
    (fp_text value 0.1uF (at 0 1.65 90) (layer F.Fab)
      (effects (font (size 1 1) (thickness 0.15)))
    )
    (fp_line (start -1 0.6) (end -1 -0.6) (layer F.Fab) (width 0.1))
    (fp_line (start -1 -0.6) (end 1 -0.6) (layer F.Fab) (width 0.1))
    (fp_line (start 1 -0.6) (end 1 0.6) (layer F.Fab) (width 0.1))
    (fp_line (start 1 0.6) (end -1 0.6) (layer F.Fab) (width 0.1))
    (fp_line (start -0.261252 -0.71) (end 0.261252 -0.71) (layer F.SilkS) (width 0.12))
    (fp_line (start -0.261252 0.71) (end 0.261252 0.71) (layer F.SilkS) (width 0.12))
    (fp_line (start -1.85 0.95) (end -1.85 -0.95) (layer F.CrtYd) (width 0.05))
    (fp_line (start -1.85 -0.95) (end 1.85 -0.95) (layer F.CrtYd) (width 0.05))
    (fp_line (start 1.85 -0.95) (end 1.85 0.95) (layer F.CrtYd) (width 0.05))
    (fp_line (start 1.85 0.95) (end -1.85 0.95) (layer F.CrtYd) (width 0.05))
    (fp_text user %R (at 0 -0.030001 90) (layer F.Fab)
      (effects (font (size 0.5 0.5) (thickness 0.08)))
    )
    (pad 1 smd roundrect (at -1.025 0 270) (size 1.15 1.4) (layers F.Cu F.Paste F.Mask) (roundrect_rratio 0.217391)
      (net 7 /5V))
    (pad 2 smd roundrect (at 1.025 0 270) (size 1.15 1.4) (layers F.Cu F.Paste F.Mask) (roundrect_rratio 0.217391)
      (net 2 /3.3V_rtn))
    (model ${KISYS3DMOD}/Capacitor_SMD.3dshapes/C_0805_2012Metric.wrl
      (at (xyz 0 0 0))
      (scale (xyz 1 1 1))
      (rotate (xyz 0 0 0))
    )
  )

  (module Capacitor_SMD:C_0805_2012Metric_Pad1.15x1.40mm_HandSolder (layer F.Cu) (tedit 5B36C52B) (tstamp 5FBB9707)
    (at 170.815 61.35 90)
    (descr "Capacitor SMD 0805 (2012 Metric), square (rectangular) end terminal, IPC_7351 nominal with elongated pad for handsoldering. (Body size source: https://docs.google.com/spreadsheets/d/1BsfQQcO9C6DZCsRaXUlFlo91Tg2WpOkGARC1WS5S8t0/edit?usp=sharing), generated with kicad-footprint-generator")
    (tags "capacitor handsolder")
    (path /5FADD500)
    (attr smd)
    (fp_text reference C12 (at 0 -1.65 90) (layer F.SilkS)
      (effects (font (size 1 1) (thickness 0.15)))
    )
    (fp_text value 0.1uF (at 0 1.65 90) (layer F.Fab)
      (effects (font (size 1 1) (thickness 0.15)))
    )
    (fp_line (start -1 0.6) (end -1 -0.6) (layer F.Fab) (width 0.1))
    (fp_line (start -1 -0.6) (end 1 -0.6) (layer F.Fab) (width 0.1))
    (fp_line (start 1 -0.6) (end 1 0.6) (layer F.Fab) (width 0.1))
    (fp_line (start 1 0.6) (end -1 0.6) (layer F.Fab) (width 0.1))
    (fp_line (start -0.261252 -0.71) (end 0.261252 -0.71) (layer F.SilkS) (width 0.12))
